0 0.900285 0.197548 0.034188 0.068120
0 0.784900 0.858311 0.065527 0.065395
0 0.672365 0.888283 0.039886 0.054496
0 0.384615 0.918256 0.062678 0.065395
0 0.448718 0.874659 0.042735 0.032698
0 0.283476 0.893733 0.031339 0.043597
0 0.233618 0.903270 0.045584 0.051771
0 0.052707 0.897820 0.065527 0.057221
0 0.207977 0.861035 0.056980 0.038147
0 0.136752 0.822888 0.022792 0.059946
0 0.195157 0.746594 0.042735 0.059946
0 0.814815 0.775204 0.051282 0.024523
0 0.813390 0.806540 0.048433 0.038147
0 0.925926 0.786104 0.028490 0.057221
0 0.958689 0.779292 0.031339 0.054496
0 0.868946 0.762943 0.051282 0.038147
0 0.857550 0.794278 0.039886 0.040872
0 0.931624 0.722071 0.056980 0.027248
0 0.790598 0.737057 0.059829 0.029973
0 0.666667 0.675749 0.062678 0.054496
0 0.378917 0.732970 0.045584 0.049046
0 0.452991 0.709809 0.039886 0.057221
0 0.431624 0.645777 0.099715 0.054496
0 0.260684 0.611717 0.076923 0.040872
0 0.215100 0.557221 0.054131 0.046322
0 0.250712 0.574932 0.028490 0.043597
0 0.559829 0.557221 0.054131 0.046322
0 0.458689 0.595368 0.028490 0.046322
0 0.481481 0.566757 0.039886 0.054496
0 0.596866 0.494550 0.065527 0.057221
0 0.660969 0.510899 0.045584 0.040872
0 0.451567 0.463215 0.031339 0.049046
0 0.519943 0.415531 0.025641 0.068120
0 0.632479 0.391008 0.028490 0.062670
0 0.237892 0.674387 0.054131 0.035422
0 0.273504 0.658038 0.068376 0.035422
0 0.071225 0.440054 0.045584 0.051771
0 0.091168 0.415531 0.034188 0.046322
0 0.153846 0.453678 0.022792 0.062670
0 0.064103 0.316076 0.065527 0.027248
0 0.141026 0.230245 0.025641 0.046322
0 0.152422 0.258856 0.048433 0.032698
0 0.230769 0.310627 0.051282 0.021798
0 0.306268 0.350136 0.059829 0.035422
0 0.370370 0.378747 0.074074 0.043597
0 0.458689 0.386921 0.039886 0.054496
0 0.806268 0.336512 0.045584 0.040872
0 0.860399 0.269755 0.068376 0.038147
0 0.850427 0.235695 0.042735 0.035422
0 0.636752 0.294278 0.042735 0.059946
0 0.491453 0.336512 0.048433 0.040872
0 0.735043 0.381471 0.039886 0.054496
0 0.519943 0.117166 0.048433 0.054496
0 0.358974 0.243869 0.056980 0.029973
0 0.417379 0.089918 0.031339 0.065395
0 0.474359 0.084469 0.048433 0.054496
0 0.690883 0.163488 0.054131 0.049046
0 0.733618 0.140327 0.054131 0.051771
0 0.247863 0.058583 0.062678 0.051771
0 0.119658 0.673025 0.051282 0.065395
0 0.679487 0.574932 0.037037 0.059946
0 0.595442 0.279292 0.045584 0.040872
0 0.719373 0.205722 0.065527 0.057221
0 0.464387 0.250681 0.068376 0.059946
0 0.727920 0.297003 0.054131 0.070845
