0 0.152568 0.066372 0.051360 0.044248
0 0.190332 0.117994 0.048338 0.064897
0 0.247734 0.116519 0.030211 0.073746
0 0.271903 0.193215 0.042296 0.056047
0 0.302115 0.165192 0.066465 0.047198
0 0.297583 0.066372 0.039275 0.050147
0 0.320242 0.103245 0.078550 0.047198
0 0.534743 0.054572 0.048338 0.067847
0 0.709970 0.259587 0.066465 0.053097
0 0.696375 0.172566 0.039275 0.067847
0 0.799094 0.281711 0.063444 0.044248
0 0.800604 0.069322 0.066465 0.044248
0 0.895770 0.084071 0.051360 0.067847
0 0.927492 0.427729 0.060423 0.076696
0 0.777946 0.432153 0.063444 0.061947
0 0.069486 0.269912 0.036254 0.073746
0 0.049849 0.383481 0.063444 0.058997
0 0.160121 0.299410 0.072508 0.044248
0 0.175227 0.336283 0.066465 0.041298
0 0.209970 0.383481 0.057402 0.070796
0 0.309668 0.455752 0.033233 0.067847
0 0.454683 0.404130 0.063444 0.053097
0 0.287009 0.578171 0.048338 0.064897
0 0.167674 0.491150 0.051360 0.067847
0 0.185801 0.646018 0.033233 0.070796
0 0.184290 0.889381 0.060423 0.056047
0 0.137462 0.836283 0.033233 0.056047
0 0.110272 0.836283 0.027190 0.056047
0 0.738671 0.491150 0.063444 0.044248
0 0.616314 0.451327 0.036254 0.053097
0 0.592145 0.500000 0.048338 0.056047
0 0.403323 0.492625 0.075529 0.047198
0 0.543807 0.728614 0.054381 0.064897
0 0.690332 0.924779 0.051360 0.032448
0 0.906344 0.856932 0.054381 0.044248
0 0.932024 0.901180 0.057402 0.026549
0 0.510574 0.557522 0.048338 0.053097
0 0.048338 0.716814 0.054381 0.053097
0 0.826284 0.019174 0.069486 0.032448
0 0.865559 0.516224 0.075529 0.035398
0 0.824773 0.548673 0.072508 0.047198
0 0.978852 0.638643 0.042296 0.050147
0 0.978852 0.682891 0.042296 0.044248
0 0.277946 0.808260 0.036254 0.076696
0 0.223565 0.728614 0.060423 0.029499
0 0.516616 0.309735 0.042296 0.058997
0 0.601208 0.094395 0.054381 0.041298
0 0.981873 0.238938 0.036254 0.082596
0 0.129909 0.144543 0.024169 0.070796
0 0.345921 0.899705 0.063444 0.035398
0 0.354985 0.861357 0.045317 0.047198
0 0.255287 0.895280 0.039275 0.044248
0 0.490937 0.927729 0.057402 0.038348
0 0.809668 0.904130 0.060423 0.038348
