0 0.028443 0.871134 0.050898 0.051546
0 0.095808 0.833333 0.059880 0.044674
0 0.175150 0.879725 0.074850 0.109966
0 0.284431 0.905498 0.035928 0.079038
0 0.353293 0.905498 0.053892 0.065292
0 0.405689 0.902062 0.068862 0.072165
0 0.513473 0.824742 0.092814 0.075601
0 0.565868 0.888316 0.041916 0.058419
0 0.637725 0.919244 0.083832 0.072165
0 0.723054 0.924399 0.044910 0.048110
0 0.806886 0.931271 0.080838 0.041237
0 0.898204 0.953608 0.065868 0.030928
0 0.932635 0.902062 0.038922 0.058419
0 0.871257 0.898625 0.053892 0.051546
0 0.860778 0.857388 0.050898 0.044674
0 0.835329 0.731959 0.053892 0.082474
0 0.760479 0.723368 0.071856 0.065292
0 0.892216 0.678694 0.053892 0.065292
0 0.408683 0.664948 0.038922 0.072165
0 0.137725 0.713058 0.089820 0.065292
0 0.134731 0.639175 0.083832 0.054983
0 0.232036 0.560137 0.050898 0.089347
0 0.281437 0.580756 0.077844 0.061856
0 0.459581 0.594502 0.080838 0.075601
0 0.546407 0.613402 0.062874 0.072165
0 0.609281 0.647766 0.074850 0.051546
0 0.607784 0.694158 0.083832 0.061856
0 0.733533 0.558419 0.071856 0.051546
0 0.637725 0.565292 0.065868 0.072165
0 0.664671 0.491409 0.071856 0.054983
0 0.676647 0.417526 0.047904 0.072165
0 0.781437 0.372852 0.035928 0.079038
0 0.832335 0.438144 0.059880 0.058419
0 0.868263 0.582474 0.065868 0.079038
0 0.901198 0.505155 0.041916 0.075601
0 0.841317 0.264605 0.071856 0.082474
0 0.752994 0.240550 0.068862 0.054983
0 0.669162 0.288660 0.062874 0.041237
0 0.669162 0.336770 0.074850 0.048110
0 0.462575 0.391753 0.068862 0.096220
0 0.327844 0.353952 0.050898 0.075601
0 0.242515 0.207904 0.053892 0.072165
0 0.172156 0.211340 0.062874 0.106529
0 0.043413 0.219931 0.062874 0.054983
0 0.074850 0.237113 0.041916 0.054983
0 0.034431 0.283505 0.044910 0.058419
0 0.074850 0.097938 0.083832 0.037801
0 0.088323 0.121993 0.068862 0.037801
0 0.170659 0.018900 0.047904 0.030928
0 0.419162 0.182131 0.035928 0.103093
0 0.461078 0.135739 0.059880 0.044674
0 0.606287 0.173540 0.092814 0.079038
0 0.681138 0.051546 0.074850 0.041237
0 0.823353 0.077320 0.041916 0.058419
0 0.881737 0.149485 0.044910 0.051546
0 0.865269 0.178694 0.029940 0.075601
0 0.829341 0.173540 0.047904 0.058419
0 0.588323 0.022337 0.080838 0.037801
0 0.561377 0.541237 0.050898 0.058419
