0 0.095238 0.072386 0.050420 0.037534
0 0.049020 0.154155 0.058824 0.067024
0 0.099440 0.215818 0.058824 0.061662
0 0.084034 0.324397 0.050420 0.064343
0 0.056022 0.368633 0.050420 0.029491
0 0.140056 0.355228 0.033613 0.045576
0 0.194678 0.324397 0.058824 0.037534
0 0.191877 0.290885 0.047619 0.034853
0 0.179272 0.168901 0.050420 0.042895
0 0.165266 0.112601 0.044818 0.048257
0 0.210084 0.099196 0.056022 0.026810
0 0.246499 0.151475 0.039216 0.024129
0 0.288515 0.186327 0.039216 0.061662
0 0.308123 0.134048 0.022409 0.064343
0 0.291317 0.096515 0.056022 0.048257
0 0.326331 0.103217 0.025210 0.045576
0 0.362745 0.075067 0.092437 0.037534
0 0.567227 0.080429 0.058824 0.021448
0 0.596639 0.101877 0.050420 0.048257
0 0.606443 0.151475 0.036415 0.061662
0 0.362745 0.207775 0.064426 0.034853
0 0.651261 0.096515 0.019608 0.026810
0 0.687675 0.085791 0.053221 0.032172
0 0.745098 0.079088 0.056022 0.040214
0 0.694678 0.194370 0.056022 0.045576
0 0.705882 0.258713 0.039216 0.045576
0 0.669468 0.306971 0.039216 0.056300
0 0.831933 0.081769 0.050420 0.061662
0 0.871148 0.186327 0.039216 0.050938
0 0.890756 0.138070 0.039216 0.050938
0 0.896359 0.077748 0.044818 0.069705
0 0.928571 0.014745 0.064426 0.024129
0 0.487395 0.300268 0.050420 0.064343
0 0.806723 0.348525 0.039216 0.042895
0 0.829132 0.317694 0.033613 0.050938
0 0.879552 0.345845 0.022409 0.064343
0 0.896359 0.363271 0.022409 0.050938
0 0.938375 0.399464 0.016807 0.058981
0 0.886555 0.420912 0.042017 0.064343
0 0.784314 0.441019 0.022409 0.050938
0 0.822129 0.434316 0.047619 0.032172
0 0.677871 0.454424 0.050420 0.067024
0 0.775910 0.497319 0.044818 0.056300
0 0.827731 0.528150 0.058824 0.069705
0 0.866947 0.589812 0.030812 0.058981
0 0.802521 0.581769 0.047619 0.069705
0 0.726891 0.592493 0.058824 0.058981
0 0.808123 0.650134 0.058824 0.061662
0 0.894958 0.721180 0.058824 0.064343
0 0.871148 0.760054 0.033613 0.045576
0 0.420168 0.376676 0.056022 0.050938
0 0.599440 0.404826 0.056022 0.075067
0 0.645658 0.395442 0.036415 0.029491
0 0.689076 0.506702 0.044818 0.064343
0 0.406162 0.466488 0.033613 0.069705
0 0.375350 0.458445 0.033613 0.069705
0 0.292717 0.462466 0.047619 0.050938
0 0.233894 0.447721 0.030812 0.064343
0 0.196078 0.430295 0.028011 0.056300
0 0.200280 0.542895 0.036415 0.056300
0 0.341737 0.576408 0.084034 0.048257
0 0.109244 0.654155 0.067227 0.053619
0 0.095238 0.695710 0.095238 0.045576
0 0.273109 0.754692 0.047619 0.045576
0 0.296919 0.824397 0.056022 0.067024
0 0.336134 0.706434 0.056022 0.024129
0 0.670868 0.718499 0.064426 0.064343
0 0.683473 0.679625 0.050420 0.040214
0 0.775910 0.764075 0.050420 0.021448
0 0.592437 0.604558 0.047619 0.034853
0 0.642857 0.786863 0.053221 0.040214
0 0.455182 0.887399 0.070028 0.085791
0 0.600840 0.832440 0.064426 0.061662
0 0.663866 0.919571 0.039216 0.042895
0 0.698880 0.895442 0.058824 0.048257
0 0.736695 0.888740 0.056022 0.067024
0 0.872549 0.922252 0.058824 0.032172
0 0.810924 0.852547 0.025210 0.064343
0 0.862745 0.821716 0.067227 0.040214
0 0.875350 0.950402 0.036415 0.050938
0 0.235294 0.928954 0.044818 0.050938
0 0.060224 0.831099 0.042017 0.053619
0 0.271709 0.927614 0.044818 0.085791
0 0.659664 0.967828 0.064426 0.037534
0 0.782913 0.982574 0.047619 0.029491
0 0.827731 0.982574 0.025210 0.029491
0 0.350140 0.971850 0.028011 0.056300
0 0.368347 0.938338 0.036415 0.069705
0 0.424370 0.961126 0.036415 0.050938
0 0.302521 0.986595 0.044818 0.021448
0 0.315126 0.950402 0.036415 0.040214
0 0.523810 0.690349 0.067227 0.050938
0 0.477591 0.339142 0.053221 0.040214
0 0.899160 0.243968 0.050420 0.075067
0 0.015406 0.532172 0.025210 0.029491
0 0.813725 0.903485 0.086835 0.064343
