0 0.384840 0.166144 0.052478 0.025078
0 0.300292 0.166144 0.058309 0.062696
0 0.135569 0.067398 0.049563 0.053292
0 0.189504 0.064263 0.058309 0.059561
0 0.574344 0.100313 0.058309 0.043887
0 0.610787 0.053292 0.072886 0.062696
0 0.776968 0.043887 0.037901 0.056426
0 0.852770 0.108150 0.049563 0.047022
0 0.873178 0.158307 0.032070 0.053292
0 0.932945 0.315047 0.040816 0.078370
0 0.848397 0.280564 0.069971 0.078370
0 0.830904 0.203762 0.029155 0.068966
0 0.680758 0.177116 0.049563 0.053292
0 0.586006 0.181818 0.058309 0.025078
0 0.638484 0.266458 0.064140 0.050157
0 0.650146 0.228840 0.104956 0.037618
0 0.451895 0.173981 0.046647 0.028213
0 0.434402 0.123824 0.040816 0.028213
0 0.427114 0.188088 0.049563 0.031348
0 0.416910 0.246082 0.034985 0.059561
0 0.374636 0.266458 0.061224 0.025078
0 0.357143 0.307210 0.037901 0.043887
0 0.279883 0.288401 0.011662 0.031348
0 0.304665 0.310345 0.061224 0.031348
0 0.266764 0.369906 0.061224 0.062696
0 0.205539 0.380878 0.020408 0.065831
0 0.112245 0.310345 0.049563 0.056426
0 0.166181 0.235110 0.058309 0.037618
0 0.048105 0.231975 0.090379 0.031348
0 0.094752 0.191223 0.037901 0.043887
0 0.139942 0.352665 0.040816 0.034483
0 0.061224 0.468652 0.052478 0.047022
0 0.081633 0.421630 0.029155 0.034483
0 0.024781 0.366771 0.032070 0.075235
0 0.074344 0.525078 0.032070 0.053292
0 0.032070 0.573668 0.046647 0.050157
0 0.027697 0.653605 0.037901 0.053292
0 0.104956 0.736677 0.029155 0.056426
0 0.138484 0.827586 0.026239 0.056426
0 0.208455 0.771160 0.072886 0.050157
0 0.309038 0.841693 0.040816 0.053292
0 0.336735 0.833856 0.043732 0.043887
0 0.427114 0.416928 0.049563 0.050157
0 0.488338 0.388715 0.043732 0.043887
0 0.542274 0.427900 0.052478 0.059561
2 0.618076 0.377743 0.099125 0.115987
0 0.771137 0.449843 0.061224 0.072100
2 0.698251 0.413793 0.049563 0.031348
2 0.737609 0.474922 0.046647 0.059561
2 0.852770 0.470219 0.049563 0.094044
2 0.876093 0.567398 0.037901 0.087774
2 0.916910 0.592476 0.037901 0.068966
2 0.895044 0.659875 0.046647 0.059561
2 0.841108 0.656740 0.061224 0.053292
2 0.839650 0.766458 0.116618 0.053292
2 0.682216 0.855799 0.058309 0.050157
2 0.756560 0.851097 0.061224 0.040752
2 0.495627 0.570533 0.081633 0.075235
2 0.460641 0.492163 0.058309 0.062696
2 0.367347 0.509404 0.040816 0.047022
2 0.244898 0.592476 0.046647 0.025078
2 0.260933 0.615987 0.032070 0.059561
2 0.303207 0.645768 0.046647 0.081505
2 0.332362 0.664577 0.040816 0.081505
2 0.431487 0.761755 0.064140 0.087774
2 0.395044 0.758621 0.026239 0.043887
2 0.510204 0.826019 0.046647 0.053292
2 0.425656 0.907524 0.040816 0.034483
2 0.392128 0.931034 0.020408 0.043887
2 0.329446 0.959248 0.058309 0.043887
2 0.145773 0.942006 0.034985 0.059561
2 0.107872 0.945141 0.029155 0.059561
2 0.053936 0.943574 0.037901 0.050157
2 0.016035 0.929467 0.026239 0.059561
2 0.086006 0.791536 0.072886 0.053292
2 0.562682 0.631661 0.052478 0.059561
2 0.568513 0.699060 0.052478 0.043887
2 0.604956 0.722571 0.037901 0.034483
2 0.634111 0.757053 0.072886 0.034483
2 0.631195 0.808777 0.055394 0.081505
2 0.613703 0.929467 0.055394 0.053292
2 0.644315 0.891850 0.046647 0.034483
2 0.695335 0.945141 0.072886 0.065831
2 0.787172 0.948276 0.034985 0.034483
2 0.822157 0.971787 0.064140 0.043887
2 0.810496 0.349530 0.064140 0.028213
2 0.421283 0.673981 0.072886 0.043887
2 0.386297 0.641066 0.043732 0.034483
2 0.263848 0.952978 0.037901 0.075235
2 0.517493 0.631661 0.055394 0.059561
