0 0.124269 0.880503 0.055556 0.056604
0 0.407895 0.724843 0.055556 0.059748
0 0.516082 0.680818 0.043860 0.059748
0 0.438596 0.863208 0.040936 0.053459
0 0.495614 0.866352 0.032164 0.078616
0 0.535088 0.883648 0.052632 0.044025
0 0.324561 0.852201 0.046784 0.056604
0 0.175439 0.927673 0.064327 0.037736
0 0.241228 0.611635 0.055556 0.072327
0 0.428363 0.544025 0.032164 0.081761
0 0.526316 0.533019 0.052632 0.066038
0 0.501462 0.429245 0.049708 0.059748
0 0.561404 0.429245 0.046784 0.072327
0 0.596491 0.462264 0.070175 0.031447
0 0.707602 0.410377 0.058480 0.053459
0 0.660819 0.328616 0.046784 0.066038
0 0.830409 0.581761 0.040936 0.069182
0 0.744152 0.709119 0.049708 0.066038
0 0.631579 0.702830 0.070175 0.040881
0 0.644737 0.753145 0.043860 0.053459
0 0.769006 0.819182 0.052632 0.053459
0 0.850877 0.745283 0.046784 0.069182
0 0.902047 0.735849 0.032164 0.062893
0 0.805556 0.907233 0.073099 0.047170
0 0.681287 0.910377 0.046784 0.053459
0 0.602339 0.911950 0.040936 0.044025
0 0.557018 0.968553 0.078947 0.044025
0 0.650585 0.982704 0.067251 0.028302
0 0.760234 0.973270 0.064327 0.047170
0 0.033626 0.448113 0.055556 0.084906
0 0.934211 0.364780 0.055556 0.075472
0 0.985380 0.284591 0.029240 0.059748
0 0.950292 0.544025 0.029240 0.081761
0 0.928363 0.567610 0.014620 0.059748
0 0.925439 0.617925 0.067251 0.034591
0 0.891813 0.874214 0.052632 0.062893
0 0.900585 0.900943 0.064327 0.040881
0 0.074561 0.902516 0.038012 0.044025
0 0.089181 0.927673 0.061404 0.050314
0 0.030702 0.654088 0.055556 0.056604
0 0.083333 0.710692 0.055556 0.062893
0 0.027778 0.701258 0.049708 0.031447
0 0.201754 0.492138 0.052632 0.047170
0 0.276316 0.394654 0.049708 0.053459
0 0.698830 0.114780 0.070175 0.072327
0 0.770468 0.191824 0.061404 0.056604
0 0.877193 0.213836 0.058480 0.088050
0 0.671053 0.253145 0.038012 0.059748
0 0.378655 0.146226 0.043860 0.084906
0 0.232456 0.205975 0.067251 0.040881
0 0.181287 0.312893 0.046784 0.059748
0 0.112573 0.383648 0.020468 0.075472
0 0.061404 0.347484 0.052632 0.059748
0 0.096491 0.295597 0.052632 0.056604
0 0.064327 0.231132 0.035088 0.059748
0 0.029240 0.215409 0.052632 0.059748
0 0.118421 0.212264 0.055556 0.034591
0 0.035088 0.045597 0.035088 0.072327
0 0.421053 0.022013 0.058480 0.037736
0 0.845029 0.319182 0.058480 0.053459
