0 0.155280 0.429730 0.043478 0.059459
0 0.242236 0.537838 0.055901 0.043243
0 0.071429 0.683784 0.031056 0.059459
0 0.127329 0.697297 0.055901 0.043243
0 0.838509 0.216216 0.024845 0.075676
0 0.965839 0.227027 0.055901 0.037838
0 0.729814 0.124324 0.080745 0.048649
0 0.866460 0.064865 0.074534 0.054054
0 0.644410 0.037838 0.071429 0.043243
0 0.774845 0.031081 0.052795 0.051351
0 0.492236 0.067568 0.046584 0.070270
0 0.489130 0.024324 0.040373 0.043243
0 0.785714 0.252703 0.049689 0.035135
0 0.748447 0.728378 0.055901 0.067568
0 0.858696 0.664865 0.077640 0.064865
0 0.631988 0.940541 0.034161 0.059459
0 0.399068 0.824324 0.071429 0.059459
0 0.414596 0.783784 0.046584 0.054054
0 0.304348 0.808108 0.062112 0.037838
0 0.338509 0.767568 0.068323 0.043243
0 0.781056 0.475676 0.052795 0.059459
0 0.796584 0.420270 0.040373 0.056757
0 0.599379 0.354054 0.055901 0.048649
0 0.481366 0.368919 0.049689 0.051351
0 0.527950 0.427027 0.037267 0.064865
0 0.518634 0.547297 0.068323 0.056757
0 0.389752 0.554054 0.083851 0.048649
0 0.291925 0.605405 0.062112 0.054054
0 0.194099 0.670270 0.052795 0.021622
0 0.040373 0.871622 0.049689 0.067568
0 0.083851 0.441892 0.062112 0.035135
1 0.090062 0.347297 0.118012 0.083784
0 0.215839 0.377027 0.071429 0.062162
1 0.931677 0.940541 0.055901 0.086486
1 0.832298 0.967568 0.049689 0.054054
0 0.445652 0.916216 0.077640 0.043243
0 0.260870 0.981081 0.068323 0.032432
0 0.459627 0.982432 0.055901 0.035135
0 0.717391 0.636486 0.037267 0.062162
0 0.579193 0.671622 0.059006 0.029730
0 0.602484 0.650000 0.062112 0.029730
0 0.795031 0.316216 0.049689 0.043243
0 0.399068 0.247297 0.071429 0.062162
0 0.236025 0.268919 0.031056 0.062162
0 0.096273 0.178378 0.068323 0.064865
0 0.114907 0.045946 0.031056 0.054054
0 0.318323 0.182432 0.065217 0.029730
0 0.145963 0.244595 0.062112 0.056757
0 0.361801 0.652703 0.027950 0.062162
0 0.397516 0.614865 0.049689 0.040541
0 0.973602 0.114865 0.046584 0.040541
0 0.978261 0.066216 0.043478 0.045946
0 0.638199 0.105405 0.052795 0.054054
0 0.371118 0.054054 0.046584 0.070270
0 0.040373 0.075676 0.062112 0.043243
0 0.034161 0.147297 0.018634 0.029730
0 0.051242 0.137838 0.027950 0.027027
0 0.027950 0.114865 0.031056 0.024324
0 0.158385 0.797297 0.062112 0.032432
0 0.267081 0.674324 0.031056 0.040541
0 0.403727 0.895946 0.037267 0.067568
0 0.549689 0.358108 0.055901 0.035135
0 0.397516 0.377027 0.074534 0.056757
0 0.324534 0.390541 0.046584 0.062162
