0 0.215170 0.827348 0.058824 0.041436
0 0.369969 0.820442 0.083591 0.055249
0 0.434985 0.921271 0.077399 0.030387
0 0.199690 0.716851 0.034056 0.063536
0 0.179567 0.750000 0.037152 0.058011
0 0.356037 0.660221 0.099071 0.049724
0 0.498452 0.716851 0.061920 0.035912
0 0.586687 0.709945 0.040248 0.033149
0 0.702786 0.647790 0.030960 0.063536
0 0.739938 0.682320 0.074303 0.033149
0 0.842105 0.779006 0.049536 0.044199
0 0.904025 0.751381 0.049536 0.038674
0 0.676471 0.850829 0.071207 0.049724
0 0.588235 0.813536 0.055728 0.030387
0 0.563467 0.853591 0.024768 0.038674
0 0.173375 0.867403 0.092879 0.049724
1 0.082043 0.872928 0.046440 0.088398
0 0.182663 0.618785 0.055728 0.033149
0 0.094427 0.497238 0.046440 0.077348
0 0.032508 0.339779 0.052632 0.077348
1 0.094427 0.034530 0.065015 0.046961
0 0.298762 0.066298 0.071207 0.055249
0 0.476780 0.113260 0.074303 0.060773
0 0.484520 0.319061 0.046440 0.069061
0 0.321981 0.259669 0.074303 0.088398
0 0.331269 0.178177 0.068111 0.046961
0 0.374613 0.140884 0.074303 0.027624
0 0.558824 0.171271 0.052632 0.077348
0 0.636223 0.150552 0.058824 0.035912
0 0.603715 0.208564 0.068111 0.024862
0 0.801858 0.247238 0.043344 0.041436
0 0.773994 0.107735 0.049536 0.055249
0 0.806502 0.143646 0.046440 0.066298
0 0.886997 0.168508 0.071207 0.055249
0 0.784830 0.370166 0.065015 0.038674
0 0.866873 0.374309 0.037152 0.058011
0 0.817337 0.417127 0.074303 0.027624
0 0.766254 0.470994 0.065015 0.035912
0 0.674923 0.488950 0.061920 0.049724
0 0.619195 0.523481 0.055728 0.058011
0 0.518576 0.517956 0.046440 0.069061
0 0.318885 0.353591 0.043344 0.060773
0 0.215170 0.237569 0.058824 0.055249
0 0.216718 0.291436 0.043344 0.058011
0 0.286378 0.309392 0.065015 0.033149
0 0.527864 0.064917 0.046440 0.058011
0 0.608359 0.048343 0.065015 0.041436
0 0.645511 0.058011 0.052632 0.038674
0 0.941176 0.110497 0.043344 0.038674
0 0.973684 0.111878 0.046440 0.030387
0 0.944272 0.075967 0.049536 0.030387
0 0.942724 0.042818 0.071207 0.046961
0 0.885449 0.240331 0.030960 0.066298
0 0.643963 0.332873 0.037152 0.058011
0 0.660991 0.919890 0.058824 0.044199
0 0.733746 0.901934 0.049536 0.063536
0 0.801858 0.831492 0.055728 0.044199
0 0.953560 0.943370 0.068111 0.046961
0 0.787926 0.961326 0.052632 0.066298
0 0.040248 0.085635 0.074303 0.055249
0 0.102167 0.251381 0.068111 0.022099
0 0.080495 0.227901 0.049536 0.041436
0 0.393189 0.075967 0.037152 0.058011
0 0.673375 0.534530 0.058824 0.041436
0 0.407121 0.987569 0.083591 0.024862
0 0.500000 0.977901 0.058824 0.044199
0 0.857585 0.570442 0.049536 0.046961
0 0.986068 0.254144 0.027864 0.038674
0 0.289474 0.465470 0.058824 0.041436
