0 0.207736 0.701587 0.031519 0.063492
0 0.246418 0.704762 0.034384 0.050794
0 0.310888 0.687302 0.054441 0.053968
0 0.389685 0.623810 0.034384 0.073016
0 0.232092 0.550794 0.063037 0.053968
0 0.173352 0.620635 0.037249 0.053968
0 0.130372 0.626984 0.037249 0.047619
0 0.030086 0.109524 0.054441 0.104762
0 0.170487 0.160317 0.042980 0.073016
0 0.259312 0.126984 0.042980 0.069841
0 0.332378 0.109524 0.051576 0.028571
0 0.275072 0.207937 0.045845 0.060317
0 0.720630 0.730159 0.054441 0.057143
0 0.766476 0.587302 0.048711 0.069841
0 0.858166 0.615873 0.031519 0.063492
0 0.650430 0.534921 0.028653 0.073016
0 0.595989 0.498413 0.045845 0.076190
0 0.399713 0.412698 0.037249 0.063492
0 0.495702 0.365079 0.040115 0.063492
0 0.882521 0.215873 0.051576 0.076190
0 0.942693 0.226984 0.045845 0.060317
0 0.941261 0.266667 0.060172 0.031746
0 0.916905 0.430159 0.045845 0.073016
0 0.898281 0.490476 0.060172 0.022222
0 0.892550 0.541270 0.042980 0.060317
0 0.967049 0.531746 0.054441 0.053968
0 0.839542 0.749206 0.051576 0.076190
0 0.886819 0.739683 0.048711 0.088889
0 0.948424 0.784127 0.028653 0.063492
0 0.977077 0.893651 0.034384 0.041270
0 0.747851 0.826984 0.028653 0.060317
0 0.634670 0.849206 0.054441 0.060317
0 0.601719 0.779365 0.040115 0.066667
0 0.661891 0.696825 0.045845 0.053968
0 0.704871 0.603175 0.045845 0.044444
0 0.295129 0.392063 0.051576 0.041270
0 0.114613 0.273016 0.051576 0.063492
0 0.318052 0.765079 0.051576 0.057143
0 0.402579 0.773016 0.037249 0.060317
0 0.151862 0.814286 0.063037 0.060317
0 0.191977 0.830159 0.057307 0.053968
0 0.487106 0.884127 0.034384 0.060317
0 0.531519 0.903175 0.042980 0.028571
0 0.542980 0.853968 0.037249 0.044444
0 0.699140 0.841270 0.040115 0.044444
0 0.898281 0.926984 0.054441 0.044444
0 0.838109 0.906349 0.031519 0.034921
0 0.851003 0.865079 0.063037 0.015873
0 0.414040 0.325397 0.083095 0.060317
0 0.468481 0.069841 0.042980 0.044444
0 0.512894 0.107937 0.063037 0.050794
0 0.564470 0.122222 0.045845 0.066667
0 0.630372 0.025397 0.040115 0.044444
0 0.808023 0.046032 0.040115 0.073016
0 0.886819 0.141270 0.031519 0.066667
0 0.744986 0.212698 0.057307 0.076190
0 0.746418 0.377778 0.065903 0.063492
0 0.785100 0.314286 0.040115 0.057143
0 0.153295 0.687302 0.020057 0.060317
0 0.108883 0.701587 0.063037 0.057143
0 0.133238 0.420635 0.060172 0.047619
0 0.292264 0.322222 0.057307 0.034921
0 0.070201 0.357143 0.037249 0.073016
0 0.667622 0.403175 0.040115 0.076190
0 0.644699 0.257143 0.040115 0.063492
0 0.700573 0.280952 0.037249 0.041270
0 0.425501 0.253968 0.042980 0.057143
0 0.282235 0.060317 0.065903 0.044444
0 0.902579 0.034921 0.051576 0.057143
0 0.313754 0.453968 0.060172 0.076190
0 0.339542 0.611111 0.048711 0.034921
0 0.405444 0.846032 0.054441 0.053968
0 0.342407 0.860317 0.054441 0.050794
0 0.393983 0.909524 0.054441 0.028571
0 0.869628 0.804762 0.054441 0.041270
0 0.398281 0.111111 0.057307 0.057143
0 0.510029 0.300000 0.074499 0.053968
0 0.606017 0.907937 0.077364 0.057143
