0 0.405367 0.349570 0.048023 0.051576
0 0.230226 0.426934 0.031073 0.068768
0 0.285311 0.444126 0.045198 0.051576
0 0.340395 0.551576 0.064972 0.037249
0 0.218927 0.598854 0.036723 0.063037
0 0.197740 0.527221 0.028249 0.051576
0 0.266949 0.737822 0.048023 0.042980
0 0.330508 0.689112 0.062147 0.037249
0 0.293785 0.813754 0.056497 0.063037
0 0.056497 0.826648 0.056497 0.048711
0 0.590395 0.820917 0.056497 0.071633
0 0.031073 0.601719 0.056497 0.040115
0 0.723164 0.567335 0.056497 0.051576
0 0.670904 0.703438 0.059322 0.060172
0 0.673729 0.663324 0.053672 0.037249
0 0.809322 0.630372 0.053672 0.063037
0 0.898305 0.702006 0.067797 0.057307
0 0.453390 0.868195 0.064972 0.045845
0 0.233051 0.925501 0.036723 0.057307
0 0.272599 0.926934 0.042373 0.088825
0 0.299435 0.987106 0.045198 0.020057
0 0.088983 0.690544 0.081921 0.045845
0 0.104520 0.644699 0.084746 0.057307
0 0.052260 0.351003 0.059322 0.037249
0 0.084746 0.383954 0.056497 0.040115
0 0.083333 0.312321 0.048023 0.063037
0 0.042373 0.137536 0.056497 0.068768
0 0.091808 0.061605 0.053672 0.048711
0 0.093220 0.199140 0.062147 0.060172
0 0.165254 0.150430 0.048023 0.031519
0 0.159605 0.098854 0.059322 0.048711
0 0.197740 0.074499 0.050847 0.034384
0 0.276836 0.163324 0.039548 0.057307
0 0.353107 0.183381 0.067797 0.040115
0 0.341808 0.232092 0.045198 0.051576
0 0.135593 0.332378 0.028249 0.051576
0 0.238701 0.984241 0.042373 0.031519
0 0.310734 0.936963 0.033898 0.028653
0 0.437853 0.964183 0.050847 0.060172
0 0.351695 0.968481 0.031073 0.057307
0 0.372881 0.944126 0.056497 0.077364
0 0.601695 0.967049 0.073446 0.060172
0 0.665254 0.929799 0.059322 0.054441
0 0.668079 0.974212 0.064972 0.022923
0 0.699153 0.882521 0.053672 0.063037
0 0.745763 0.891117 0.045198 0.057307
0 0.789548 0.982808 0.048023 0.034384
0 0.841808 0.979943 0.028249 0.034384
0 0.871469 0.808023 0.064972 0.040115
0 0.772599 0.753582 0.053672 0.028653
0 0.898305 0.957020 0.050847 0.051576
0 0.803672 0.875358 0.059322 0.031519
0 0.793785 0.896848 0.050847 0.034384
0 0.837571 0.906877 0.048023 0.042980
0 0.884181 0.918338 0.045198 0.037249
0 0.378531 0.436963 0.067797 0.060172
0 0.182203 0.270774 0.053672 0.031519
0 0.189266 0.306590 0.050847 0.051576
0 0.288136 0.075931 0.079096 0.048711
0 0.344633 0.053009 0.101695 0.037249
0 0.432203 0.128940 0.050847 0.045845
0 0.454802 0.308023 0.056497 0.048711
0 0.473164 0.272206 0.042373 0.045845
0 0.655367 0.275072 0.045198 0.051576
0 0.580508 0.372493 0.053672 0.068768
0 0.663842 0.424069 0.050847 0.068768
0 0.679379 0.482808 0.048023 0.054441
0 0.762712 0.461318 0.039548 0.063037
0 0.860169 0.561605 0.048023 0.074499
0 0.820621 0.497135 0.059322 0.060172
0 0.798023 0.554441 0.036723 0.071633
0 0.581921 0.117479 0.050847 0.057307
0 0.682203 0.150430 0.048023 0.042980
0 0.854520 0.143266 0.042373 0.063037
0 0.574859 0.063037 0.053672 0.063037
0 0.665254 0.050143 0.048023 0.037249
0 0.723164 0.038682 0.062147 0.037249
0 0.816384 0.040115 0.050847 0.063037
0 0.864407 0.093123 0.050847 0.048711
0 0.874294 0.035817 0.048023 0.065903
0 0.885593 0.199140 0.053672 0.065903
0 0.807910 0.276504 0.039548 0.042980
0 0.793785 0.306590 0.033898 0.040115
0 0.864407 0.306590 0.022599 0.063037
0 0.888418 0.322350 0.025424 0.048711
0 0.926554 0.348138 0.033898 0.048711
0 0.870056 0.381089 0.062147 0.063037
0 0.579096 0.574499 0.050847 0.048711
1 0.560734 0.320917 0.064972 0.051576
