3 0.306962 0.083333 0.139241 0.159864
3 0.764241 0.328231 0.079114 0.078231
0 0.313291 0.319728 0.056962 0.081633
0 0.151899 0.098639 0.069620 0.034014
0 0.156646 0.139456 0.041139 0.054422
0 0.487342 0.081633 0.075949 0.047619
0 0.425633 0.204082 0.053797 0.061224
0 0.477848 0.192177 0.050633 0.030612
0 0.493671 0.250000 0.056962 0.064626
0 0.609177 0.069728 0.060127 0.037415
0 0.607595 0.115646 0.031646 0.061224
0 0.685127 0.076531 0.060127 0.071429
0 0.792722 0.198980 0.053797 0.064626
0 0.886076 0.290816 0.063291 0.064626
0 0.906646 0.377551 0.060127 0.054422
0 0.944620 0.343537 0.060127 0.047619
0 0.659810 0.306122 0.085443 0.047619
0 0.710443 0.224490 0.066456 0.088435
0 0.702532 0.355442 0.044304 0.064626
0 0.768987 0.469388 0.050633 0.054422
0 0.245253 0.302721 0.072785 0.088435
0 0.224684 0.263605 0.044304 0.044218
0 0.172468 0.255102 0.053797 0.061224
0 0.093354 0.287415 0.060127 0.044218
0 0.077532 0.346939 0.053797 0.034014
0 0.150316 0.346939 0.047468 0.061224
0 0.164557 0.382653 0.063291 0.037415
0 0.216772 0.469388 0.053797 0.054422
0 0.113924 0.564626 0.069620 0.061224
0 0.039557 0.557823 0.053797 0.061224
0 0.161392 0.517007 0.063291 0.054422
0 0.474684 0.365646 0.031646 0.071429
0 0.321203 0.392857 0.053797 0.051020
0 0.457278 0.420068 0.034810 0.078231
0 0.422468 0.455782 0.066456 0.047619
0 0.392405 0.420068 0.056962 0.064626
0 0.316456 0.530612 0.063291 0.088435
0 0.050633 0.465986 0.069620 0.034014
0 0.015823 0.256803 0.025316 0.071429
0 0.550633 0.154762 0.018987 0.071429
0 0.819620 0.289116 0.044304 0.068027
0 0.976266 0.523810 0.047468 0.047619
0 0.852848 0.542517 0.053797 0.044218
0 0.814873 0.583333 0.034810 0.071429
0 0.721519 0.561224 0.044304 0.068027
0 0.609177 0.571429 0.041139 0.061224
0 0.558544 0.549320 0.041139 0.064626
0 0.476266 0.578231 0.066456 0.034014
0 0.278481 0.600340 0.056962 0.064626
0 0.186709 0.605442 0.063291 0.040816
0 0.180380 0.654762 0.063291 0.051020
0 0.245253 0.744898 0.060127 0.040816
0 0.335443 0.784014 0.069620 0.044218
0 0.395570 0.758503 0.037975 0.074830
0 0.311709 0.678571 0.060127 0.064626
0 0.189873 0.717687 0.031646 0.054422
0 0.156646 0.748299 0.034810 0.068027
0 0.107595 0.755102 0.037975 0.054422
0 0.063291 0.894558 0.044304 0.061224
0 0.903481 0.613946 0.053797 0.064626
0 0.893987 0.670068 0.053797 0.061224
0 0.756329 0.722789 0.056962 0.071429
0 0.818038 0.726190 0.034810 0.071429
0 0.868671 0.763605 0.047468 0.064626
0 0.917722 0.794218 0.056962 0.051020
0 0.854430 0.731293 0.025316 0.047619
0 0.955696 0.826531 0.037975 0.068027
0 0.973101 0.869048 0.053797 0.051020
0 0.781646 0.872449 0.063291 0.044218
0 0.770570 0.896259 0.053797 0.037415
0 0.721519 0.880952 0.044304 0.054422
0 0.637658 0.741497 0.066456 0.068027
0 0.506329 0.802721 0.037975 0.054422
0 0.441456 0.852041 0.047468 0.051020
0 0.155063 0.886054 0.025316 0.057823
0 0.129747 0.852041 0.025316 0.057823
0 0.180380 0.857143 0.050633 0.047619
0 0.242089 0.858844 0.053797 0.064626
0 0.523734 0.858844 0.028481 0.064626
0 0.571203 0.799320 0.041139 0.061224
0 0.379747 0.656463 0.075949 0.040816
0 0.447785 0.721088 0.066456 0.054422
0 0.518987 0.914966 0.063291 0.047619
0 0.634494 0.460884 0.053797 0.051020
0 0.587025 0.471088 0.053797 0.051020
0 0.449367 0.636054 0.056962 0.034014
0 0.444620 0.673469 0.060127 0.047619
2 0.908228 0.115646 0.088608 0.156463
