3 0.629969 0.200331 0.110092 0.142384
0 0.220183 0.536424 0.061162 0.072848
0 0.318043 0.420530 0.055046 0.059603
0 0.443425 0.341060 0.067278 0.039735
0 0.525994 0.390728 0.036697 0.066225
0 0.328746 0.539735 0.064220 0.052980
0 0.399083 0.552980 0.051988 0.059603
0 0.422018 0.529801 0.048930 0.059603
0 0.145260 0.460265 0.033639 0.072848
0 0.154434 0.706954 0.058104 0.062914
0 0.097859 0.693709 0.055046 0.049669
0 0.220183 0.662252 0.055046 0.039735
0 0.091743 0.470199 0.024465 0.072848
0 0.074924 0.122517 0.051988 0.066225
0 0.100917 0.129139 0.042813 0.066225
0 0.125382 0.213576 0.061162 0.056291
0 0.079511 0.231788 0.055046 0.059603
0 0.018349 0.500000 0.030581 0.046358
0 0.035168 0.564570 0.045872 0.069536
0 0.071865 0.546358 0.064220 0.046358
0 0.221713 0.302980 0.051988 0.069536
0 0.275229 0.293046 0.036697 0.069536
0 0.347095 0.243377 0.064220 0.049669
0 0.292049 0.124172 0.064220 0.069536
0 0.157492 0.145695 0.076453 0.072848
0 0.218654 0.172185 0.058104 0.033113
0 0.259939 0.195364 0.061162 0.039735
0 0.284404 0.172185 0.055046 0.033113
0 0.593272 0.092715 0.067278 0.033113
0 0.391437 0.152318 0.048930 0.052980
0 0.778287 0.258278 0.082569 0.072848
0 0.871560 0.309603 0.067278 0.036424
0 0.917431 0.193709 0.061162 0.056291
0 0.691131 0.182119 0.042813 0.059603
0 0.536697 0.238411 0.051988 0.059603
0 0.573394 0.197020 0.051988 0.062914
0 0.662080 0.531457 0.051988 0.062914
0 0.626911 0.672185 0.061162 0.059603
0 0.553517 0.582781 0.048930 0.052980
0 0.490826 0.658940 0.051988 0.066225
0 0.371560 0.609272 0.064220 0.052980
0 0.399083 0.673841 0.045872 0.076159
0 0.324159 0.695364 0.055046 0.046358
0 0.090214 0.756623 0.064220 0.043046
0 0.096330 0.801325 0.051988 0.033113
0 0.038226 0.807947 0.045872 0.033113
0 0.033639 0.842715 0.061162 0.036424
0 0.068807 0.900662 0.027523 0.052980
0 0.030581 0.923841 0.055046 0.046358
0 0.119266 0.897351 0.061162 0.066225
0 0.151376 0.829470 0.021407 0.062914
0 0.181957 0.822848 0.033639 0.062914
0 0.247706 0.786424 0.036697 0.062914
0 0.281346 0.811258 0.048930 0.059603
0 0.337920 0.783113 0.051988 0.043046
0 0.397554 0.748344 0.055046 0.026490
0 0.461774 0.769868 0.048930 0.056291
0 0.252294 0.867550 0.058104 0.033113
0 0.217125 0.950331 0.061162 0.046358
0 0.314985 0.890728 0.055046 0.059603
0 0.669725 0.713576 0.042813 0.056291
0 0.704893 0.750000 0.027523 0.056291
0 0.602446 0.468543 0.018349 0.069536
0 0.633028 0.486755 0.042813 0.033113
0 0.767584 0.420530 0.036697 0.092715
0 0.798165 0.403974 0.030581 0.072848
0 0.831804 0.561258 0.036697 0.062914
0 0.870031 0.528146 0.058104 0.036424
0 0.960245 0.445364 0.042813 0.062914
0 0.891437 0.640728 0.064220 0.043046
0 0.853211 0.700331 0.067278 0.056291
0 0.608563 0.837748 0.073394 0.052980
0 0.698777 0.822848 0.045872 0.062914
0 0.752294 0.832781 0.055046 0.036424
0 0.827217 0.145695 0.070336 0.039735
0 0.902141 0.087748 0.030581 0.069536
0 0.974006 0.034768 0.033639 0.062914
0 0.821101 0.205298 0.058104 0.059603
0 0.877676 0.057947 0.055046 0.056291
0 0.974006 0.561258 0.051988 0.096026
0 0.874618 0.922185 0.061162 0.082781
0 0.567278 0.910596 0.082569 0.079470
0 0.660550 0.923841 0.061162 0.059603
0 0.659021 0.884106 0.058104 0.019868
0 0.733945 0.884106 0.079511 0.052980
0 0.802752 0.905629 0.039755 0.056291
0 0.793578 0.779801 0.045872 0.049669
0 0.810398 0.854305 0.073394 0.046358
0 0.455657 0.048013 0.085627 0.089404
0 0.353211 0.072848 0.051988 0.033113
