0 0.254795 0.939759 0.076712 0.060241
1 0.134247 0.432229 0.000000 0.003012
2 0.576712 0.817771 0.112329 0.147590
3 0.691781 0.566265 0.057534 0.078313
0 0.506849 0.420181 0.043836 0.111446
0 0.710959 0.423193 0.057534 0.075301
0 0.635616 0.355422 0.049315 0.102410
0 0.515068 0.340361 0.060274 0.054217
0 0.171233 0.561747 0.079452 0.069277
0 0.438356 0.438253 0.082192 0.057229
0 0.254795 0.668675 0.027397 0.066265
0 0.297260 0.662651 0.063014 0.072289
0 0.201370 0.632530 0.063014 0.066265
0 0.045205 0.768072 0.084932 0.078313
0 0.067123 0.897590 0.068493 0.060241
0 0.523288 0.911145 0.054795 0.063253
0 0.242466 0.786145 0.052055 0.120482
0 0.301370 0.789157 0.054795 0.090361
0 0.320548 0.881024 0.032877 0.075301
0 0.101370 0.718373 0.043836 0.057229
0 0.142466 0.715361 0.060274 0.057229
0 0.176712 0.698795 0.057534 0.060241
0 0.446575 0.567771 0.049315 0.123494
0 0.868493 0.647590 0.054795 0.048193
0 0.753425 0.772590 0.093151 0.063253
0 0.463014 0.759036 0.054795 0.072289
0 0.498630 0.094880 0.032877 0.081325
0 0.534247 0.141566 0.032877 0.078313
0 0.561644 0.206325 0.054795 0.063253
0 0.573973 0.134036 0.057534 0.075301
0 0.569863 0.067771 0.082192 0.075301
0 0.091781 0.072289 0.046575 0.048193
0 0.117808 0.103916 0.043836 0.069277
0 0.168493 0.070783 0.046575 0.057229
0 0.028767 0.125000 0.052055 0.069277
0 0.093151 0.287651 0.060274 0.045181
0 0.098630 0.233434 0.049315 0.087349
0 0.146575 0.278614 0.057534 0.051205
0 0.108219 0.165663 0.068493 0.036145
0 0.227397 0.076807 0.065753 0.045181
0 0.286301 0.141566 0.057534 0.066265
0 0.323288 0.114458 0.049315 0.054217
0 0.653425 0.439759 0.046575 0.066265
0 0.357534 0.959337 0.046575 0.057229
0 0.064384 0.840361 0.063014 0.042169
0 0.346575 0.287651 0.057534 0.063253
2 0.746575 0.203313 0.189041 0.159639
0 0.612329 0.256024 0.046575 0.072289
0 0.941096 0.152108 0.068493 0.081325
0 0.798630 0.087349 0.046575 0.060241
0 0.863014 0.572289 0.065753 0.072289
0 0.805479 0.899096 0.054795 0.039157
0 0.867123 0.909639 0.063014 0.054217
0 0.604110 0.459337 0.035616 0.075301
0 0.308219 0.046687 0.046575 0.075301
0 0.872603 0.394578 0.052055 0.090361
0 0.915068 0.344880 0.060274 0.075301
