0 0.402899 0.272727 0.098551 0.046921
0 0.394203 0.212610 0.052174 0.049853
0 0.442029 0.208211 0.043478 0.046921
0 0.502899 0.070381 0.055072 0.058651
0 0.956522 0.221408 0.052174 0.061584
0 0.881159 0.221408 0.040580 0.067449
0 0.128986 0.019062 0.060870 0.032258
0 0.349275 0.024927 0.055072 0.043988
0 0.318841 0.102639 0.034783 0.058651
0 0.182609 0.118768 0.069565 0.073314
0 0.098551 0.063050 0.052174 0.061584
0 0.139130 0.071848 0.057971 0.055718
0 0.262319 0.159824 0.072464 0.061584
0 0.218841 0.190616 0.089855 0.041056
0 0.249275 0.224340 0.046377 0.043988
0 0.201449 0.234604 0.049275 0.046921
0 0.360870 0.105572 0.049275 0.058651
0 0.395652 0.149560 0.055072 0.029326
0 0.411594 0.071848 0.052174 0.079179
0 0.579710 0.112903 0.081159 0.073314
0 0.610145 0.246334 0.072464 0.064516
0 0.494203 0.392962 0.072464 0.052786
0 0.569565 0.441349 0.066667 0.067449
0 0.300000 0.431085 0.072464 0.076246
0 0.321739 0.338710 0.069565 0.049853
0 0.157971 0.454545 0.049275 0.052786
0 0.636232 0.158358 0.043478 0.070381
0 0.662319 0.346041 0.078261 0.082111
0 0.728986 0.318182 0.049275 0.096774
0 0.852174 0.073314 0.046377 0.058651
0 0.794203 0.065982 0.046377 0.067449
0 0.728986 0.035191 0.055072 0.064516
0 0.879710 0.123167 0.060870 0.041056
0 0.826087 0.348974 0.081159 0.058651
0 0.773913 0.388563 0.075362 0.055718
0 0.717391 0.519062 0.078261 0.058651
0 0.347826 0.642229 0.075362 0.058651
0 0.369565 0.683284 0.055072 0.023460
0 0.449275 0.696481 0.040580 0.049853
0 0.369565 0.728739 0.031884 0.049853
0 0.397101 0.758065 0.040580 0.049853
0 0.568116 0.719941 0.057971 0.061584
0 0.563768 0.627566 0.060870 0.029326
0 0.215942 0.302053 0.055072 0.052786
0 0.089855 0.549853 0.069565 0.055718
0 0.720290 0.664223 0.060870 0.038123
0 0.772464 0.604106 0.066667 0.058651
0 0.801449 0.521994 0.037681 0.046921
0 0.878261 0.494135 0.046377 0.073314
0 0.963768 0.536657 0.072464 0.029326
0 0.957971 0.579179 0.055072 0.043988
0 0.536232 0.502933 0.040580 0.061584
0 0.491304 0.749267 0.037681 0.061584
0 0.455072 0.780059 0.052174 0.058651
0 0.086957 0.170088 0.046377 0.070381
0 0.215942 0.739003 0.078261 0.070381
