0 0.595385 0.171329 0.089231 0.076923
0 0.086154 0.103147 0.061538 0.045455
0 0.090769 0.131119 0.058462 0.045455
0 0.187692 0.218531 0.073846 0.094406
0 0.249231 0.206294 0.055385 0.055944
0 0.052308 0.232517 0.055385 0.045455
0 0.086154 0.246503 0.043077 0.073427
0 0.135385 0.416084 0.061538 0.041958
0 0.067692 0.538462 0.030769 0.076923
0 0.136923 0.662587 0.070769 0.038462
0 0.240000 0.568182 0.036923 0.066434
0 0.292308 0.592657 0.061538 0.059441
0 0.678462 0.064685 0.064615 0.045455
0 0.804615 0.082168 0.058462 0.066434
0 0.678462 0.298951 0.083077 0.059441
0 0.744615 0.243007 0.061538 0.052448
0 0.826154 0.263986 0.064615 0.066434
0 0.804615 0.234266 0.058462 0.048951
0 0.384615 0.250000 0.061538 0.045455
0 0.333846 0.363636 0.058462 0.062937
0 0.380000 0.437063 0.058462 0.055944
0 0.466154 0.393357 0.046154 0.080420
0 0.516923 0.386364 0.061538 0.045455
0 0.424615 0.190559 0.030769 0.080420
0 0.464615 0.138112 0.061538 0.059441
0 0.023077 0.493007 0.040000 0.048951
0 0.156923 0.736014 0.067692 0.073427
0 0.240000 0.807692 0.061538 0.069930
0 0.103077 0.865385 0.064615 0.045455
0 0.461538 0.604895 0.067692 0.062937
0 0.555385 0.618881 0.058462 0.055944
0 0.421538 0.676573 0.043077 0.059441
0 0.658462 0.496503 0.067692 0.048951
0 0.683077 0.431818 0.036923 0.059441
0 0.664615 0.340909 0.067692 0.038462
0 0.180000 0.022727 0.046154 0.038462
0 0.776923 0.377622 0.040000 0.069930
0 0.832308 0.435315 0.064615 0.052448
0 0.898462 0.498252 0.061538 0.087413
0 0.858462 0.594406 0.067692 0.069930
0 0.892308 0.680070 0.061538 0.059441
0 0.835385 0.730769 0.046154 0.069930
0 0.781538 0.720280 0.086154 0.062937
0 0.663077 0.793706 0.033846 0.062937
0 0.655385 0.938811 0.067692 0.052448
0 0.573846 0.903846 0.040000 0.066434
0 0.523077 0.900350 0.061538 0.059441
0 0.596923 0.856643 0.067692 0.034965
2 0.535385 0.830420 0.116923 0.059441
0 0.287692 0.884615 0.033846 0.076923
0 0.289231 0.944056 0.049231 0.055944
0 0.189231 0.903846 0.070769 0.080420
0 0.863077 0.865385 0.058462 0.045455
0 0.875385 0.905594 0.046154 0.055944
0 0.938462 0.910839 0.043077 0.052448
0 0.900000 0.963287 0.064615 0.038462
0 0.747692 0.940559 0.061538 0.048951
0 0.815385 0.938811 0.061538 0.045455
0 0.732308 0.555944 0.067692 0.055944
0 0.641538 0.568182 0.052308 0.059441
0 0.573846 0.552448 0.058462 0.055944
0 0.621538 0.683566 0.061538 0.115385
0 0.818462 0.180070 0.055385 0.073427
0 0.869231 0.159091 0.052308 0.052448
0 0.853846 0.190559 0.040000 0.066434
0 0.412308 0.930070 0.073846 0.069930
0 0.360000 0.937063 0.055385 0.048951
