0 0.452507 0.259615 0.050132 0.052198
0 0.441953 0.292582 0.044855 0.035714
0 0.387863 0.336538 0.042216 0.052198
0 0.362797 0.413462 0.055409 0.063187
0 0.273087 0.414835 0.050132 0.054945
0 0.217678 0.407967 0.034301 0.074176
0 0.179420 0.387363 0.036939 0.065934
0 0.186016 0.504121 0.044855 0.057692
0 0.205805 0.571429 0.031662 0.065934
0 0.329815 0.531593 0.073879 0.046703
0 0.630607 0.262363 0.042216 0.052198
0 0.663588 0.201923 0.029024 0.046703
0 0.650396 0.146978 0.060686 0.046703
0 0.559367 0.114011 0.036939 0.057692
0 0.412929 0.122253 0.060686 0.057692
0 0.324538 0.222527 0.042216 0.054945
0 0.170185 0.250000 0.055409 0.043956
0 0.076517 0.292582 0.047493 0.057692
0 0.179420 0.289835 0.063325 0.041209
0 0.126649 0.326923 0.042216 0.060440
0 0.089710 0.653846 0.073879 0.060440
0 0.054090 0.800824 0.039578 0.057692
0 0.039578 0.839286 0.042216 0.052198
0 0.108179 0.921703 0.052770 0.052198
0 0.255937 0.682692 0.031662 0.052198
0 0.254617 0.715659 0.050132 0.052198
0 0.284960 0.792582 0.052770 0.068681
0 0.319261 0.670330 0.058047 0.027473
0 0.320580 0.635989 0.065963 0.052198
0 0.077836 0.979396 0.060686 0.035714
0 0.040897 0.134615 0.050132 0.054945
0 0.085752 0.061813 0.055409 0.046703
0 0.088391 0.190934 0.060686 0.063187
0 0.153034 0.094780 0.058047 0.046703
0 0.189974 0.074176 0.058047 0.021978
0 0.259894 0.153846 0.034301 0.060440
0 0.283641 0.108516 0.029024 0.063187
0 0.281003 0.074176 0.060686 0.049451
0 0.693931 0.043956 0.063325 0.038462
0 0.544855 0.065934 0.055409 0.054945
0 0.777045 0.039835 0.055409 0.057692
0 0.813984 0.131868 0.055409 0.071429
0 0.837731 0.097527 0.060686 0.046703
0 0.653034 0.467033 0.050132 0.049451
0 0.744063 0.453297 0.042216 0.060440
0 0.846966 0.370879 0.058047 0.060440
0 0.700528 0.546703 0.044855 0.049451
0 0.662269 0.642857 0.058047 0.038462
0 0.505277 0.648352 0.055409 0.038462
0 0.262533 0.896978 0.039578 0.090659
0 0.226913 0.899725 0.036939 0.057692
0 0.236148 0.967033 0.029024 0.049451
0 0.288918 0.964286 0.050132 0.027473
0 0.898417 0.843407 0.076517 0.054945
0 0.779683 0.972527 0.050132 0.043956
0 0.897098 0.344780 0.026385 0.057692
0 0.763852 0.299451 0.039578 0.049451
0 0.835092 0.298077 0.023747 0.052198
0 0.854881 0.317308 0.026385 0.052198
0 0.790237 0.271978 0.034301 0.038462
0 0.563325 0.355769 0.055409 0.068681
0 0.613456 0.354396 0.044855 0.054945
0 0.642480 0.409341 0.050132 0.065934
0 0.112137 0.614011 0.065963 0.052198
0 0.027704 0.575549 0.044855 0.024725
0 0.339050 0.866758 0.039578 0.057692
0 0.440633 0.844780 0.073879 0.046703
0 0.427441 0.891484 0.042216 0.041209
0 0.346966 0.983516 0.050132 0.021978
0 0.345646 0.949176 0.021108 0.052198
0 0.402375 0.940934 0.050132 0.063187
0 0.606860 0.940934 0.052770 0.057692
0 0.650396 0.953297 0.060686 0.049451
0 0.647757 0.905220 0.050132 0.057692
0 0.687335 0.875000 0.055409 0.052198
0 0.857520 0.787088 0.063325 0.046703
0 0.857520 0.721154 0.036939 0.052198
0 0.872032 0.684066 0.060686 0.049451
0 0.751979 0.737637 0.052770 0.057692
0 0.839050 0.538462 0.036939 0.060440
0 0.790237 0.489011 0.065963 0.076923
0 0.784960 0.607143 0.065963 0.060440
0 0.641161 0.668956 0.042216 0.052198
0 0.662269 0.699176 0.047493 0.063187
0 0.577836 0.798077 0.042216 0.063187
0 0.771768 0.855769 0.050132 0.030220
0 0.817942 0.892857 0.079156 0.043956
0 0.872032 0.945055 0.044855 0.043956
0 0.831135 0.041209 0.047493 0.054945
0 0.848285 0.195055 0.060686 0.049451
0 0.821900 0.971154 0.034301 0.046703
