0 0.236923 0.557099 0.061538 0.052469
0 0.264615 0.604938 0.024615 0.061728
0 0.320000 0.660494 0.049231 0.055556
0 0.132308 0.620370 0.043077 0.061728
0 0.169231 0.717593 0.055385 0.033951
0 0.227692 0.799383 0.036923 0.080247
0 0.069231 0.825617 0.070769 0.070988
0 0.141538 0.876543 0.061538 0.043210
0 0.055385 0.904321 0.073846 0.086420
0 0.127692 0.935185 0.083077 0.061728
0 0.215385 0.887346 0.055385 0.058642
0 0.256923 0.910494 0.064615 0.037037
0 0.470769 0.895062 0.080000 0.061728
0 0.512308 0.723765 0.040000 0.070988
0 0.486154 0.544753 0.049231 0.058642
0 0.360000 0.470679 0.067692 0.052469
0 0.258462 0.429012 0.049231 0.086420
0 0.103077 0.458333 0.052308 0.064815
0 0.423077 0.371914 0.076923 0.052469
0 0.572308 0.487654 0.055385 0.067901
0 0.604615 0.438272 0.052308 0.067901
0 0.653846 0.495370 0.046154 0.052469
0 0.689231 0.692901 0.080000 0.046296
0 0.672308 0.935185 0.070769 0.037037
0 0.933846 0.918210 0.058462 0.040123
0 0.903077 0.675926 0.058462 0.080247
0 0.832308 0.558642 0.095385 0.055556
0 0.860000 0.516975 0.089231 0.040123
0 0.786154 0.432099 0.070769 0.061728
0 0.941538 0.424383 0.067692 0.070988
0 0.981538 0.654321 0.030769 0.043210
0 0.981538 0.699074 0.036923 0.040123
0 0.546154 0.280864 0.052308 0.074074
0 0.483077 0.276235 0.049231 0.064815
0 0.115385 0.294753 0.095385 0.046296
0 0.093846 0.246914 0.089231 0.055556
0 0.072308 0.066358 0.033846 0.095679
0 0.129231 0.037037 0.049231 0.067901
0 0.190769 0.046296 0.036923 0.074074
0 0.255385 0.097222 0.073846 0.046296
0 0.269231 0.026235 0.076923 0.046296
0 0.695385 0.126543 0.036923 0.074074
0 0.583077 0.035494 0.076923 0.040123
0 0.820000 0.094136 0.052308 0.058642
0 0.795385 0.100309 0.040000 0.046296
0 0.807692 0.015432 0.070769 0.024691
