0 0.219613 0.222910 0.063536 0.037152
0 0.555249 0.210526 0.060773 0.049536
0 0.367403 0.026316 0.060773 0.034056
0 0.132597 0.069659 0.060773 0.034056
0 0.051105 0.232198 0.041436 0.061920
0 0.026243 0.213622 0.046961 0.055728
0 0.048343 0.351393 0.052486 0.052632
0 0.024862 0.444272 0.044199 0.071207
0 0.183702 0.501548 0.058011 0.037152
0 0.211326 0.619195 0.041436 0.061920
0 0.060773 0.707430 0.038674 0.071207
0 0.019337 0.657895 0.033149 0.046440
0 0.012431 0.698142 0.019337 0.021672
0 0.095304 0.871517 0.058011 0.052632
0 0.053867 0.894737 0.063536 0.049536
0 0.400552 0.560372 0.027624 0.074303
0 0.477901 0.455108 0.049724 0.061920
0 0.569061 0.490712 0.066298 0.034056
0 0.639503 0.357585 0.052486 0.065015
0 0.654696 0.281734 0.038674 0.061920
0 0.813536 0.362229 0.063536 0.049536
0 0.906077 0.417957 0.066298 0.074303
0 0.970994 0.339009 0.052486 0.065015
0 0.907459 0.586687 0.041436 0.083591
0 0.788674 0.623839 0.035912 0.058824
0 0.689227 0.532508 0.063536 0.043344
0 0.852210 0.770898 0.024862 0.068111
0 0.718232 0.842105 0.055249 0.061920
0 0.750000 0.925697 0.063536 0.055728
0 0.704420 0.981424 0.071823 0.030960
0 0.624309 0.869969 0.049724 0.055728
0 0.490331 0.894737 0.058011 0.049536
0 0.482044 0.698142 0.035912 0.071207
0 0.596685 0.778638 0.049724 0.040248
0 0.592541 0.727554 0.069061 0.037152
0 0.480663 0.761610 0.038674 0.037152
0 0.516575 0.970588 0.060773 0.040248
0 0.553867 0.921053 0.046961 0.046440
0 0.596685 0.986068 0.066298 0.027864
0 0.632597 0.919505 0.060773 0.061920
