0 0.907524 0.704152 0.053292 0.044983
0 0.962382 0.674740 0.075235 0.069204
0 0.924765 0.577855 0.062696 0.069204
0 0.849530 0.863322 0.056426 0.058824
0 0.783699 0.832180 0.056426 0.086505
0 0.749216 0.877163 0.062696 0.072664
0 0.841693 0.975779 0.040752 0.041522
0 0.921630 0.956747 0.068966 0.072664
0 0.968652 0.813149 0.062696 0.076125
0 0.346395 0.731834 0.072100 0.058824
0 0.470219 0.733564 0.075235 0.076125
0 0.421630 0.851211 0.065831 0.055363
0 0.332288 0.977509 0.068966 0.038062
0 0.241379 0.944637 0.075235 0.055363
0 0.163009 0.937716 0.037618 0.055363
0 0.120690 0.960208 0.053292 0.051903
0 0.205329 0.785467 0.034483 0.069204
0 0.269592 0.681661 0.043887 0.062284
0 0.227273 0.674740 0.040752 0.048443
0 0.484326 0.588235 0.065831 0.069204
0 0.606583 0.820069 0.053292 0.069204
0 0.680251 0.816609 0.075235 0.103806
0 0.700627 0.695502 0.053292 0.069204
0 0.578370 0.657439 0.084639 0.062284
0 0.557994 0.707612 0.068966 0.044983
0 0.628527 0.717993 0.047022 0.072664
0 0.564263 0.756055 0.050157 0.044983
0 0.407524 0.486159 0.056426 0.100346
0 0.159875 0.544983 0.075235 0.072664
0 0.184953 0.493080 0.050157 0.079585
0 0.244514 0.525952 0.056426 0.076125
0 0.305643 0.525952 0.059561 0.076125
0 0.311912 0.463668 0.065831 0.069204
0 0.064263 0.517301 0.053292 0.072664
0 0.405956 0.411765 0.072100 0.062284
0 0.598746 0.461938 0.062696 0.086505
0 0.656740 0.427336 0.065831 0.072664
0 0.741379 0.458478 0.047022 0.079585
0 0.655172 0.633218 0.100313 0.055363
0 0.637931 0.579585 0.053292 0.079585
0 0.691223 0.588235 0.053292 0.096886
0 0.673981 0.525952 0.050157 0.055363
0 0.725705 0.366782 0.065831 0.048443
0 0.695925 0.314879 0.037618 0.069204
0 0.832288 0.427336 0.065831 0.072664
0 0.963950 0.366782 0.059561 0.048443
0 0.896552 0.323529 0.050157 0.051903
0 0.855799 0.340830 0.068966 0.058824
0 0.830721 0.377163 0.075235 0.027682
0 0.945141 0.224913 0.040752 0.062284
0 0.802508 0.276817 0.062696 0.076125
0 0.888715 0.171280 0.053292 0.051903
0 0.949843 0.140138 0.068966 0.038062
0 0.633229 0.271626 0.056426 0.051903
0 0.556426 0.283737 0.053292 0.041522
0 0.369906 0.301038 0.037618 0.069204
0 0.183386 0.365052 0.059561 0.058824
0 0.231975 0.342561 0.056426 0.055363
0 0.274295 0.295848 0.065831 0.038062
0 0.192790 0.285467 0.059561 0.038062
0 0.211599 0.230104 0.090909 0.044983
0 0.272727 0.148789 0.081505 0.062284
0 0.268025 0.050173 0.072100 0.072664
0 0.382445 0.114187 0.062696 0.034602
0 0.349530 0.140138 0.059561 0.038062
0 0.358934 0.192042 0.059561 0.065744
0 0.407524 0.192042 0.094044 0.044983
0 0.603448 0.197232 0.028213 0.076125
0 0.536050 0.228374 0.068966 0.062284
0 0.484326 0.224913 0.053292 0.069204
0 0.545455 0.141869 0.056426 0.096886
0 0.506270 0.162630 0.059561 0.055363
0 0.706897 0.192042 0.065831 0.051903
0 0.840125 0.237024 0.056426 0.100346
0 0.946708 0.084775 0.037618 0.058824
0 0.782132 0.088235 0.053292 0.065744
0 0.731975 0.136678 0.047022 0.086505
0 0.710031 0.238754 0.053292 0.048443
0 0.688088 0.077855 0.047022 0.058824
0 0.612853 0.084775 0.040752 0.079585
0 0.562696 0.065744 0.047022 0.062284
0 0.423197 0.136678 0.043887 0.065744
0 0.112853 0.214533 0.075235 0.069204
0 0.167712 0.169550 0.053292 0.041522
0 0.315047 0.259516 0.028213 0.069204
0 0.343260 0.252595 0.034483 0.062284
0 0.769592 0.166090 0.053292 0.069204
0 0.507837 0.064014 0.043887 0.044983
0 0.463950 0.069204 0.043887 0.048443
