0 0.300000 0.409211 0.049275 0.065789
0 0.336232 0.371053 0.052174 0.047368
0 0.153623 0.402632 0.052174 0.073684
0 0.421739 0.260526 0.101449 0.047368
0 0.328986 0.319737 0.072464 0.050000
0 0.566667 0.417105 0.055072 0.044737
0 0.679710 0.347368 0.055072 0.057895
0 0.786957 0.514474 0.055072 0.055263
0 0.695652 0.694737 0.081159 0.052632
0 0.530435 0.693421 0.063768 0.055263
0 0.415942 0.664474 0.031884 0.055263
0 0.334783 0.655263 0.078261 0.026316
0 0.321739 0.605263 0.081159 0.063158
0 0.175362 0.698684 0.066667 0.039474
0 0.101449 0.675000 0.040580 0.060526
0 0.066667 0.690789 0.028986 0.055263
0 0.149275 0.731579 0.066667 0.021053
0 0.076812 0.825000 0.031884 0.055263
3 0.114493 0.888158 0.078261 0.055263
0 0.300000 0.878947 0.066667 0.057895
0 0.539130 0.827632 0.069565 0.044737
0 0.582609 0.802632 0.052174 0.047368
0 0.646377 0.869737 0.028986 0.060526
0 0.471014 0.906579 0.072464 0.060526
0 0.398551 0.840789 0.037681 0.060526
0 0.472464 0.810526 0.040580 0.057895
0 0.414493 0.757895 0.046377 0.068421
0 0.352174 0.738158 0.043478 0.050000
0 0.302899 0.768421 0.037681 0.047368
0 0.139130 0.828947 0.046377 0.047368
0 0.218841 0.863158 0.060870 0.031579
0 0.208696 0.830263 0.063768 0.039474
0 0.033333 0.867105 0.043478 0.039474
0 0.702899 0.653947 0.060870 0.034211
0 0.682609 0.930263 0.060870 0.060526
0 0.765217 0.918421 0.052174 0.052632
0 0.873913 0.884211 0.049275 0.063158
0 0.794203 0.972368 0.052174 0.028947
0 0.818841 0.859211 0.060870 0.044737
0 0.850725 0.778947 0.055072 0.063158
0 0.949275 0.946053 0.066667 0.060526
0 0.982609 0.678947 0.034783 0.063158
0 0.946377 0.588158 0.043478 0.060526
0 0.979710 0.600000 0.040580 0.047368
0 0.966667 0.248684 0.043478 0.065789
0 0.830435 0.360526 0.089855 0.047368
0 0.742029 0.419737 0.057971 0.065789
0 0.776812 0.384211 0.063768 0.057895
0 0.737681 0.322368 0.055072 0.081579
0 0.637681 0.253947 0.063768 0.081579
0 0.417391 0.200000 0.052174 0.047368
0 0.462319 0.202632 0.026087 0.042105
0 0.540580 0.082895 0.066667 0.050000
0 0.613043 0.127632 0.072464 0.071053
0 0.662319 0.177632 0.043478 0.055263
0 0.743478 0.080263 0.066667 0.086842
0 0.821739 0.098684 0.037681 0.055263
0 0.788406 0.131579 0.075362 0.047368
0 0.875362 0.107895 0.046377 0.047368
0 0.859420 0.040789 0.031884 0.044737
0 0.942029 0.031579 0.063768 0.057895
0 0.453623 0.088158 0.043478 0.065789
0 0.392754 0.038158 0.060870 0.044737
0 0.398551 0.109211 0.055072 0.050000
0 0.362319 0.102632 0.034783 0.052632
0 0.298551 0.153947 0.057971 0.055263
0 0.227536 0.200000 0.049275 0.068421
0 0.094203 0.178947 0.060870 0.052632
0 0.133333 0.152632 0.057971 0.052632
0 0.223188 0.113158 0.057971 0.068421
0 0.147826 0.059211 0.057971 0.055263
0 0.194203 0.025000 0.046377 0.039474
0 0.304348 0.015789 0.063768 0.026316
0 0.347826 0.851316 0.040580 0.071053
