0 0.138522 0.093506 0.050132 0.046753
0 0.184697 0.084416 0.058047 0.044156
0 0.236148 0.022078 0.050132 0.038961
0 0.316623 0.038961 0.047493 0.031169
0 0.445910 0.048052 0.042216 0.044156
0 0.465699 0.018182 0.039578 0.031169
0 0.572559 0.107792 0.052770 0.049351
0 0.548813 0.142857 0.058047 0.041558
0 0.740106 0.018182 0.055409 0.031169
0 0.841689 0.074026 0.042216 0.033766
0 0.804749 0.035065 0.042216 0.044156
0 0.783641 0.064935 0.036939 0.062338
0 0.651715 0.219481 0.052770 0.049351
0 0.391821 0.264935 0.029024 0.051948
0 0.406332 0.209091 0.047493 0.044156
2 0.585752 0.385714 0.100264 0.106494
0 0.426121 0.488312 0.044855 0.057143
0 0.101583 0.306494 0.050132 0.062338
0 0.183377 0.368831 0.029024 0.057143
0 0.242744 0.366234 0.063325 0.062338
0 0.084433 0.196104 0.047493 0.038961
0 0.046174 0.448052 0.060686 0.038961
0 0.064644 0.406494 0.044855 0.038961
0 0.337731 0.505195 0.047493 0.049351
0 0.461741 0.562338 0.068602 0.070130
0 0.478892 0.614286 0.050132 0.044156
0 0.519789 0.693506 0.079156 0.051948
0 0.597625 0.774026 0.050132 0.036364
0 0.800792 0.767532 0.076517 0.049351
0 0.844327 0.667532 0.052770 0.062338
0 0.787599 0.670130 0.071240 0.041558
0 0.831135 0.580519 0.026385 0.070130
0 0.870712 0.605195 0.036939 0.051948
0 0.806069 0.489610 0.055409 0.090909
0 0.804749 0.318182 0.063325 0.064935
0 0.354881 0.280519 0.055409 0.036364
0 0.277045 0.301299 0.052770 0.046753
0 0.294195 0.323377 0.044855 0.028571
0 0.051451 0.493506 0.039578 0.046753
0 0.399736 0.414286 0.044855 0.049351
0 0.460422 0.396104 0.044855 0.033766
0 0.507916 0.435065 0.055409 0.038961
0 0.612137 0.290909 0.047493 0.036364
0 0.613456 0.261039 0.076517 0.038961
0 0.647757 0.254545 0.039578 0.020779
0 0.825858 0.216883 0.031662 0.044156
0 0.432718 0.176623 0.063325 0.057143
0 0.230871 0.593506 0.029024 0.049351
0 0.160950 0.740260 0.063325 0.046753
0 0.063325 0.748052 0.021108 0.057143
0 0.097625 0.787013 0.031662 0.062338
0 0.265172 0.623377 0.029024 0.083117
0 0.300792 0.641558 0.047493 0.088312
0 0.381266 0.658442 0.081794 0.044156
0 0.352243 0.627273 0.044855 0.038961
0 0.266491 0.814286 0.031662 0.064935
0 0.295515 0.801299 0.047493 0.049351
0 0.281003 0.922078 0.055409 0.031169
0 0.215040 0.907792 0.039578 0.059740
0 0.373351 0.887013 0.050132 0.044156
0 0.569921 0.909091 0.058047 0.051948
0 0.591029 0.875325 0.047493 0.051948
0 0.635884 0.845455 0.052770 0.049351
0 0.712401 0.848052 0.052770 0.038961
0 0.631926 0.914286 0.055409 0.036364
0 0.642480 0.941558 0.060686 0.028571
0 0.725594 0.935065 0.042216 0.051948
0 0.774406 0.955844 0.060686 0.041558
0 0.821900 0.863636 0.060686 0.101299
0 0.093668 0.897403 0.050132 0.059740
0 0.732190 0.476623 0.060686 0.075325
0 0.703166 0.487013 0.044855 0.038961
0 0.381266 0.735065 0.065963 0.083117
0 0.352243 0.735065 0.029024 0.051948
0 0.765172 0.628571 0.036939 0.046753
