0 0.576052 0.059783 0.071197 0.068841
0 0.529126 0.387681 0.087379 0.079710
0 0.470874 0.155797 0.093851 0.072464
0 0.362460 0.289855 0.071197 0.072464
0 0.367314 0.338768 0.061489 0.039855
0 0.202265 0.264493 0.080906 0.057971
0 0.144013 0.266304 0.055016 0.068841
0 0.208738 0.623188 0.048544 0.094203
0 0.317152 0.704710 0.071197 0.047101
0 0.433657 0.713768 0.038835 0.072464
0 0.394822 0.820652 0.038835 0.076087
0 0.820388 0.777174 0.061489 0.061594
0 0.914239 0.740942 0.048544 0.068841
0 0.906149 0.860507 0.058252 0.047101
0 0.914239 0.893116 0.055016 0.047101
0 0.758900 0.416667 0.035599 0.065217
0 0.834951 0.250000 0.071197 0.065217
