0 0.745787 0.880074 0.036517 0.084871
0 0.563202 0.872694 0.036517 0.070111
0 0.442416 0.946494 0.058989 0.047970
0 0.394663 0.929889 0.030899 0.073801
0 0.323034 0.791513 0.044944 0.062731
0 0.273876 0.769373 0.047753 0.040590
0 0.077247 0.594096 0.064607 0.059041
0 0.082865 0.547970 0.058989 0.040590
0 0.320225 0.483395 0.039326 0.103321
0 0.317416 0.160517 0.044944 0.077491
0 0.403090 0.143911 0.053371 0.073801
0 0.512640 0.712177 0.058989 0.036900
0 0.654494 0.983395 0.056180 0.033210
0 0.882022 0.937269 0.044944 0.081181
0 0.779494 0.607011 0.053371 0.055351
0 0.627809 0.571956 0.047753 0.073801
0 0.542135 0.614391 0.033708 0.062731
0 0.689607 0.487085 0.064607 0.051661
0 0.835674 0.459410 0.030899 0.062731
0 0.612360 0.333948 0.050562 0.070111
0 0.657303 0.297048 0.050562 0.025830
0 0.691011 0.311808 0.039326 0.055351
0 0.580056 0.123616 0.053371 0.062731
0 0.523876 0.103321 0.058989 0.036900
0 0.707865 0.191882 0.061798 0.059041
0 0.741573 0.201107 0.033708 0.055351
0 0.757022 0.247232 0.047753 0.036900
0 0.761236 0.337638 0.044944 0.055351
0 0.742978 0.396679 0.053371 0.084871
0 0.776685 0.391144 0.030899 0.051661
0 0.085674 0.059041 0.064607 0.066421
