0 0.171779 0.044554 0.085890 0.075908
0 0.346626 0.156766 0.067485 0.082508
0 0.361963 0.277228 0.073620 0.066007
0 0.538344 0.295380 0.058282 0.069307
0 0.737730 0.165017 0.052147 0.046205
0 0.794479 0.171617 0.055215 0.046205
0 0.788344 0.297030 0.049080 0.066007
0 0.616564 0.366337 0.079755 0.052805
0 0.506135 0.437294 0.061350 0.036304
0 0.559816 0.554455 0.076687 0.059406
0 0.657975 0.681518 0.064417 0.062706
0 0.728528 0.683168 0.064417 0.039604
0 0.751534 0.546205 0.049080 0.069307
0 0.802147 0.504950 0.064417 0.059406
0 0.788344 0.871287 0.042945 0.072607
0 0.481595 0.922442 0.073620 0.042904
0 0.199387 0.790429 0.049080 0.056106
0 0.073620 0.660066 0.036810 0.072607
0 0.062883 0.856436 0.046012 0.082508
0 0.282209 0.643564 0.042945 0.066007
0 0.319018 0.694719 0.098160 0.049505
0 0.872699 0.617162 0.058282 0.039604
0 0.638037 0.146865 0.049080 0.049505
0 0.602761 0.100660 0.027607 0.049505
0 0.542945 0.168317 0.049080 0.026403
