0 0.481034 0.429825 0.079310 0.080702
0 0.668966 0.366667 0.068966 0.052632
0 0.556897 0.233333 0.072414 0.115789
0 0.562069 0.078947 0.055172 0.080702
0 0.153448 0.043860 0.072414 0.080702
0 0.039655 0.185965 0.072414 0.070175
0 0.081034 0.340351 0.044828 0.049123
0 0.141379 0.331579 0.075862 0.052632
0 0.087931 0.435088 0.051724 0.091228
0 0.129310 0.528070 0.058621 0.038596
0 0.120690 0.698246 0.062069 0.049123
0 0.139655 0.743860 0.051724 0.049123
0 0.363793 0.936842 0.086207 0.070175
0 0.510345 0.975439 0.041379 0.042105
0 0.846552 0.924561 0.051724 0.059649
0 0.894828 0.812281 0.058621 0.052632
0 0.677586 0.685965 0.079310 0.038596
0 0.918966 0.529825 0.079310 0.077193
0 0.920690 0.475439 0.055172 0.059649
0 0.884483 0.033333 0.079310 0.059649
