0 0.428328 0.350962 0.051195 0.067308
0 0.377133 0.387821 0.051195 0.038462
0 0.255973 0.338141 0.027304 0.073718
0 0.358362 0.120192 0.088737 0.073718
0 0.505119 0.179487 0.047782 0.076923
0 0.544369 0.355769 0.051195 0.051282
0 0.767918 0.322115 0.068259 0.048077
0 0.820819 0.450321 0.044369 0.067308
0 0.846416 0.504808 0.075085 0.054487
0 0.568259 0.616987 0.037543 0.060897
0 0.488055 0.623397 0.068259 0.035256
0 0.407850 0.588141 0.044369 0.060897
0 0.375427 0.612179 0.027304 0.051282
0 0.368601 0.665064 0.054608 0.035256
0 0.290102 0.741987 0.047782 0.054487
0 0.092150 0.852564 0.061433 0.038462
0 0.110922 0.628205 0.044369 0.038462
0 0.158703 0.493590 0.064846 0.038462
0 0.122867 0.206731 0.054608 0.054487
0 0.194539 0.650641 0.034130 0.051282
0 0.114334 0.679487 0.064846 0.057692
0 0.146758 0.855769 0.034130 0.070513
0 0.179181 0.924679 0.058020 0.054487
0 0.689420 0.875000 0.047782 0.051282
0 0.784983 0.900641 0.054608 0.057692
0 0.904437 0.923077 0.034130 0.051282
0 0.919795 0.796474 0.044369 0.048077
0 0.836177 0.112179 0.054608 0.051282
