0 0.313830 0.421474 0.067376 0.080128
0 0.095745 0.535256 0.070922 0.057692
0 0.198582 0.649038 0.070922 0.054487
0 0.430851 0.605769 0.060284 0.083333
0 0.613475 0.580128 0.070922 0.089744
0 0.703901 0.602564 0.074468 0.064103
0 0.758865 0.546474 0.070922 0.080128
0 0.959220 0.541667 0.074468 0.057692
0 0.173759 0.724359 0.042553 0.064103
0 0.189716 0.801282 0.046099 0.057692
0 0.315603 0.818910 0.056738 0.048077
0 0.280142 0.875000 0.078014 0.064103
0 0.250000 0.948718 0.060284 0.070513
0 0.370567 0.951923 0.060284 0.051282
0 0.439716 0.943910 0.049645 0.054487
0 0.487589 0.950321 0.060284 0.060897
0 0.556738 0.926282 0.049645 0.051282
0 0.787234 0.873397 0.078014 0.048077
0 0.810284 0.209936 0.046099 0.041667
0 0.932624 0.336538 0.078014 0.057692
0 0.411348 0.102564 0.049645 0.057692
0 0.234043 0.104167 0.035461 0.073718
0 0.631206 0.086538 0.056738 0.038462
0 0.675532 0.102564 0.053191 0.064103
0 0.851064 0.116987 0.056738 0.035256
0 0.498227 0.812500 0.067376 0.054487
0 0.551418 0.817308 0.046099 0.057692
0 0.593972 0.804487 0.046099 0.057692
0 0.641844 0.836538 0.070922 0.064103
0 0.936170 0.918269 0.063830 0.048077
