0 0.320979 0.124677 0.021802 0.032300
0 0.443677 0.125807 0.026405 0.030039
0 0.415092 0.197674 0.033672 0.023902
0 0.338542 0.208656 0.028828 0.025194
0 0.408067 0.260336 0.033672 0.032300
0 0.404918 0.406977 0.014777 0.042636
0 0.224443 0.039244 0.025921 0.036499
0 0.606226 0.883398 0.019622 0.033592
0 0.551962 0.829296 0.031250 0.022933
0 0.566739 0.857881 0.024952 0.034238
0 0.530281 0.857397 0.016473 0.033269
0 0.513566 0.785853 0.020349 0.032300
0 0.455669 0.793928 0.021802 0.037468
0 0.445979 0.860950 0.019380 0.034561
0 0.369307 0.890665 0.021076 0.039729
0 0.358769 0.561047 0.028101 0.023902
0 0.319404 0.596738 0.025921 0.041667
0 0.218144 0.195413 0.022529 0.025840
0 0.193314 0.321382 0.027132 0.035530
0 0.176599 0.369832 0.026647 0.032300
0 0.184593 0.515342 0.026647 0.043605
0 0.102108 0.512435 0.030281 0.033269
0 0.147892 0.560885 0.015262 0.037791
0 0.058261 0.659076 0.028343 0.037145
0 0.101017 0.689599 0.024225 0.038760
0 0.118580 0.743379 0.027859 0.037791
0 0.190286 0.736111 0.033188 0.018734
0 0.185441 0.225452 0.029797 0.041990
0 0.316497 0.183786 0.020591 0.026486
0 0.334060 0.177326 0.024225 0.034884
0 0.568798 0.264212 0.023740 0.022610
0 0.634205 0.216570 0.023740 0.017765
0 0.653949 0.197028 0.023014 0.022610
0 0.653949 0.138081 0.015746 0.027455
0 0.751696 0.214955 0.023740 0.030685
0 0.887960 0.218023 0.028343 0.035530
0 0.774709 0.327035 0.024709 0.020995
0 0.692345 0.528101 0.022287 0.022610
0 0.647892 0.491441 0.025436 0.023579
0 0.554869 0.523256 0.017684 0.029070
0 0.118823 0.473353 0.035610 0.033915
0 0.279312 0.528101 0.021318 0.019380
0 0.279312 0.482235 0.026163 0.025840
0 0.266594 0.427164 0.022529 0.027455
0 0.276284 0.396479 0.021076 0.027455
0 0.288639 0.373062 0.023014 0.019380
0 0.312016 0.369509 0.027132 0.023256
0 0.328609 0.453165 0.015746 0.035530
0 0.340237 0.346092 0.023014 0.026809
0 0.277859 0.287952 0.016957 0.021641
0 0.536943 0.382752 0.020591 0.022610
0 0.437742 0.333172 0.021802 0.039729
0 0.450097 0.356589 0.021318 0.021964
0 0.788396 0.151809 0.027859 0.035530
0 0.885901 0.372255 0.021802 0.024225
0 0.604772 0.340439 0.027859 0.026486
0 0.684835 0.377907 0.019380 0.022610
0 0.706880 0.348514 0.022287 0.029716
0 0.791909 0.378068 0.021802 0.033915
0 0.804021 0.270995 0.016957 0.020026
0 0.812258 0.280685 0.015019 0.016796
0 0.778949 0.232235 0.022529 0.021964
0 0.786822 0.241925 0.021318 0.021964
0 0.281734 0.599322 0.026163 0.030685
0 0.242975 0.644864 0.016473 0.033269
0 0.506177 0.417151 0.020591 0.026809
0 0.525194 0.403424 0.023740 0.016796
0 0.407340 0.610627 0.023014 0.037145
0 0.428900 0.630329 0.025921 0.041021
0 0.473474 0.634044 0.013324 0.035530
0 0.465237 0.675549 0.023498 0.020349
0 0.514535 0.589955 0.014535 0.028101
0 0.509084 0.601744 0.020591 0.012920
0 0.511265 0.673127 0.027374 0.018734
0 0.508600 0.696544 0.015746 0.031331
0 0.527616 0.556848 0.014050 0.026486
0 0.561168 0.638081 0.027859 0.024225
0 0.614462 0.587532 0.013324 0.025194
0 0.649588 0.601744 0.020591 0.025840
0 0.613251 0.561693 0.027859 0.016796
0 0.690770 0.481428 0.018169 0.027455
0 0.743459 0.544735 0.012112 0.042959
0 0.754724 0.597707 0.017684 0.024225
0 0.664850 0.721899 0.027859 0.025840
0 0.695615 0.663114 0.018169 0.029070
0 0.774709 0.634690 0.024709 0.019380
0 0.782340 0.588340 0.018169 0.036499
0 0.786458 0.520510 0.027859 0.031331
0 0.834302 0.535530 0.014535 0.038760
0 0.852592 0.479005 0.027859 0.029070
0 0.885901 0.457526 0.024225 0.036499
0 0.809835 0.387274 0.012597 0.031654
0 0.825218 0.382106 0.023014 0.041990
0 0.724443 0.641150 0.015262 0.032300
0 0.814075 0.709464 0.015262 0.036499
0 0.836846 0.728359 0.010901 0.038760
0 0.860950 0.706718 0.014535 0.032300
0 0.852229 0.670704 0.017442 0.037791
0 0.867975 0.767119 0.022287 0.032300
0 0.883721 0.781331 0.022287 0.018734
0 0.775921 0.702196 0.016473 0.028424
0 0.775557 0.728036 0.020591 0.026486
0 0.781371 0.753391 0.025921 0.020995
0 0.726260 0.833010 0.010174 0.028424
0 0.726623 0.856428 0.025436 0.018411
0 0.681202 0.855620 0.016957 0.028424
0 0.698765 0.824935 0.025436 0.018734
0 0.690286 0.781331 0.023014 0.026486
0 0.728077 0.799903 0.024952 0.024871
0 0.749637 0.776001 0.018169 0.020995
0 0.760174 0.789729 0.016473 0.032300
0 0.824128 0.864180 0.019380 0.030685
0 0.809230 0.803941 0.024952 0.025194
0 0.811894 0.832526 0.013324 0.033915
0 0.827035 0.823805 0.016957 0.037145
0 0.798692 0.887112 0.021802 0.018411
0 0.872578 0.896802 0.031492 0.030039
0 0.137960 0.173773 0.032703 0.022610
0 0.884327 0.149063 0.033188 0.039729
0 0.291424 0.868217 0.017442 0.032300
0 0.240552 0.869348 0.031977 0.021641
0 0.247214 0.844800 0.008963 0.030685
0 0.273861 0.835433 0.025921 0.023579
0 0.281734 0.784561 0.028585 0.026486
0 0.080063 0.829457 0.032219 0.025840
0 0.132752 0.838663 0.024709 0.041021
0 0.151768 0.845930 0.018169 0.036176
0 0.217781 0.783753 0.024225 0.030039
0 0.207485 0.805071 0.020591 0.040375
0 0.073765 0.795058 0.025436 0.020349
0 0.185199 0.766473 0.027859 0.016150
0 0.357679 0.819767 0.025436 0.032300
0 0.407098 0.859981 0.025921 0.030685
0 0.420179 0.832687 0.025436 0.019380
0 0.428537 0.764050 0.026647 0.030685
0 0.409763 0.796673 0.027859 0.020349
0 0.433503 0.733204 0.023014 0.022610
0 0.355015 0.717216 0.020107 0.033915
0 0.560683 0.785368 0.018169 0.031331
0 0.617248 0.814115 0.027132 0.020995
0 0.594840 0.786176 0.018653 0.032946
0 0.613009 0.786983 0.016231 0.033269
0 0.423207 0.521641 0.026647 0.035530
0 0.412912 0.536660 0.018169 0.026809
0 0.160610 0.813953 0.019864 0.029070
0 0.145470 0.814438 0.013808 0.023579
0 0.136991 0.941214 0.020107 0.029716
0 0.167030 0.910530 0.032703 0.025194
0 0.552810 0.895187 0.029070 0.026809
0 0.788881 0.951227 0.023014 0.038760
0 0.830063 0.922642 0.015746 0.036499
0 0.079457 0.914244 0.024709 0.027455
0 0.090116 0.916990 0.021802 0.023256
0 0.616400 0.414729 0.020591 0.026486
