0 0.687863 0.843185 0.022045 0.036499
0 0.284641 0.851583 0.020349 0.030039
0 0.195494 0.797481 0.028101 0.025840
0 0.774952 0.784884 0.025678 0.021964
0 0.799903 0.591570 0.030523 0.031331
0 0.810078 0.657300 0.022771 0.033592
0 0.586604 0.535853 0.027374 0.015504
0 0.669453 0.561854 0.018169 0.028101
0 0.384205 0.604651 0.015019 0.034238
0 0.365916 0.562984 0.010901 0.040698
0 0.242006 0.518249 0.025678 0.021641
0 0.154070 0.667313 0.020349 0.040698
0 0.105741 0.635013 0.023498 0.023902
0 0.082970 0.470284 0.026405 0.032300
0 0.580790 0.439115 0.023498 0.046835
0 0.679627 0.465601 0.027374 0.019057
0 0.846415 0.069767 0.028101 0.035530
0 0.780402 0.093023 0.014777 0.040698
0 0.648740 0.244671 0.032946 0.033269
0 0.799540 0.310401 0.015746 0.035530
0 0.788275 0.330749 0.025678 0.034238
0 0.571705 0.365956 0.017926 0.032300
0 0.420906 0.319283 0.014777 0.030039
0 0.319283 0.078488 0.024225 0.025840
0 0.455063 0.100937 0.017200 0.041667
0 0.510053 0.104651 0.011870 0.032300
0 0.642563 0.075420 0.024952 0.019703
0 0.494792 0.515181 0.017200 0.021964
0 0.503028 0.440084 0.013324 0.030039
0 0.539365 0.391150 0.022045 0.023902
0 0.552568 0.303133 0.026647 0.033269
0 0.182171 0.095123 0.014050 0.036499
