0 0.306479 0.057176 0.043881 0.019440
0 0.082276 0.106061 0.030168 0.030303
0 0.163181 0.133219 0.020569 0.032018
0 0.116215 0.127216 0.023997 0.031447
0 0.104217 0.110921 0.016455 0.032018
0 0.176894 0.078902 0.035653 0.027444
0 0.140213 0.127501 0.013027 0.032018
0 0.108673 0.196970 0.021255 0.041738
0 0.158382 0.238136 0.030168 0.022298
0 0.216318 0.207833 0.032225 0.023442
0 0.215975 0.234134 0.028797 0.024585
0 0.250257 0.194683 0.026054 0.015437
0 0.227974 0.087479 0.021255 0.028588
0 0.253685 0.143796 0.021940 0.021155
0 0.315393 0.178674 0.023312 0.032590
0 0.322935 0.143511 0.032911 0.038879
0 0.333562 0.092910 0.039081 0.030303
0 0.352417 0.073185 0.024683 0.029731
0 0.390812 0.075472 0.032911 0.033162
0 0.431265 0.093768 0.016455 0.029731
0 0.469661 0.103202 0.032911 0.018868
0 0.516627 0.107204 0.029482 0.030303
0 0.494001 0.089480 0.030854 0.022298
0 0.641755 0.089480 0.030168 0.033734
0 0.643126 0.128645 0.039767 0.025157
0 0.683922 0.085192 0.054165 0.029731
0 0.769969 0.045169 0.020569 0.025157
0 0.787110 0.086335 0.042509 0.020583
0 0.820706 0.069468 0.017827 0.024585
0 0.907439 0.124071 0.026740 0.022870
0 0.948920 0.100915 0.030168 0.016581
0 0.754542 0.146083 0.054165 0.017724
0 0.781968 0.124643 0.018512 0.029731
0 0.816592 0.217267 0.035653 0.037736
0 0.812136 0.254431 0.029482 0.019440
0 0.619815 0.224128 0.031539 0.018296
0 0.768598 0.190395 0.030168 0.020583
0 0.851903 0.172384 0.019883 0.026872
0 0.878642 0.166953 0.030854 0.032018
0 0.945835 0.076901 0.032225 0.028016
0 0.875557 0.340194 0.046623 0.033162
0 0.818306 0.340480 0.030854 0.022298
0 0.846760 0.376215 0.020569 0.033162
0 0.848132 0.409663 0.032911 0.029160
0 0.834762 0.435678 0.023997 0.025157
0 0.899212 0.438250 0.032225 0.034877
0 0.077477 0.332190 0.041138 0.024014
0 0.183408 0.345626 0.015770 0.025729
0 0.200549 0.362493 0.028111 0.019440
0 0.231745 0.350772 0.038396 0.016581
0 0.368872 0.359348 0.037024 0.024585
0 0.317107 0.398228 0.023997 0.029160
0 0.344875 0.396798 0.032911 0.043453
0 0.371272 0.423385 0.014398 0.017724
0 0.347275 0.477702 0.025369 0.026872
0 0.317107 0.474843 0.019883 0.025729
0 0.194378 0.415094 0.023997 0.032018
0 0.123072 0.413951 0.039081 0.022870
0 0.073363 0.401086 0.028797 0.026872
0 0.103531 0.547456 0.024683 0.033734
0 0.141241 0.522298 0.028797 0.037164
0 0.260884 0.472842 0.036339 0.026301
0 0.269798 0.524300 0.025369 0.021727
0 0.248886 0.497141 0.027425 0.029160
0 0.222489 0.515437 0.023997 0.025729
0 0.249571 0.562035 0.039767 0.016009
0 0.308879 0.571184 0.033596 0.018296
0 0.375043 0.629788 0.030168 0.017724
0 0.221803 0.600057 0.015770 0.022298
0 0.155297 0.642081 0.033596 0.026301
0 0.372300 0.689537 0.037024 0.027444
0 0.423723 0.689251 0.034282 0.012007
0 0.414810 0.739565 0.042509 0.033734
0 0.298594 0.684105 0.033596 0.026872
0 0.246486 0.640366 0.014398 0.030875
0 0.213576 0.704688 0.033596 0.014294
0 0.113473 0.696684 0.030854 0.031447
0 0.160439 0.716695 0.021940 0.018868
0 0.139527 0.706975 0.032225 0.023442
0 0.146040 0.738422 0.023312 0.022298
0 0.137470 0.757576 0.026740 0.014866
0 0.165924 0.799028 0.030168 0.018868
0 0.109702 0.788736 0.021940 0.025729
0 0.103874 0.818182 0.028111 0.021727
0 0.102845 0.838193 0.023312 0.021727
0 0.151526 0.831618 0.026054 0.023442
0 0.161467 0.855632 0.014398 0.026872
0 0.186150 0.890795 0.025369 0.018296
0 0.179637 0.925386 0.032911 0.034877
0 0.247857 0.852773 0.033596 0.026872
0 0.249229 0.877644 0.032225 0.026301
0 0.265341 0.786449 0.030168 0.031447
0 0.269455 0.748999 0.020569 0.026301
0 0.289338 0.716123 0.028797 0.033734
0 0.319506 0.780160 0.037024 0.026872
0 0.289681 0.905946 0.025369 0.029160
0 0.313336 0.858491 0.024683 0.029160
0 0.327048 0.866781 0.035653 0.019440
0 0.353788 0.854774 0.031539 0.029731
0 0.365444 0.904517 0.039767 0.026301
0 0.408982 0.887364 0.059650 0.029731
0 0.379157 0.829331 0.030168 0.020011
0 0.527940 0.751572 0.038396 0.015437
0 0.612273 0.827616 0.039767 0.025729
0 0.566678 0.873356 0.021255 0.030303
0 0.603017 0.884791 0.043195 0.028016
0 0.645869 0.866495 0.023312 0.030303
0 0.617415 0.854488 0.039081 0.021155
0 0.603360 0.911092 0.034282 0.020011
0 0.462119 0.951115 0.037024 0.017724
0 0.248543 0.987421 0.029482 0.022870
0 0.465890 0.986278 0.032225 0.024014
0 0.528625 0.991995 0.039767 0.014866
0 0.682208 0.925386 0.035653 0.028016
0 0.522455 0.918525 0.032911 0.030303
0 0.817621 0.945969 0.030854 0.024585
0 0.749400 0.911378 0.030168 0.017153
0 0.649983 0.968268 0.021940 0.018868
0 0.644841 0.951973 0.025369 0.017153
0 0.731231 0.869354 0.023997 0.025729
0 0.665752 0.882790 0.017827 0.033162
0 0.782653 0.958548 0.028111 0.009720
0 0.798423 0.993425 0.022626 0.010863
0 0.880699 0.992281 0.030854 0.014294
0 0.925266 0.994282 0.023997 0.010292
0 0.947549 0.965409 0.031539 0.021155
0 0.858759 0.845340 0.032225 0.030303
0 0.932808 0.846770 0.022626 0.034305
0 0.810079 0.896512 0.036339 0.013722
0 0.955091 0.799314 0.026054 0.026301
0 0.921152 0.777587 0.025369 0.018296
0 0.748372 0.781304 0.026740 0.025729
0 0.704491 0.755575 0.039081 0.021155
0 0.791567 0.722985 0.028111 0.018868
0 0.822077 0.754717 0.028797 0.012579
0 0.852245 0.729274 0.032911 0.026872
0 0.940692 0.684391 0.039767 0.034305
0 0.650326 0.680961 0.022626 0.026301
0 0.704148 0.522584 0.019198 0.024014
0 0.711347 0.538022 0.030854 0.025157
0 0.633528 0.508005 0.020569 0.030303
0 0.867329 0.538022 0.016455 0.035449
0 0.946863 0.524585 0.017827 0.032590
0 0.438121 0.500858 0.021940 0.020583
