0 0.220769 0.211483 0.037145 0.024225
0 0.244509 0.252907 0.028424 0.018895
0 0.286499 0.293484 0.039406 0.021076
0 0.305071 0.348958 0.036499 0.015746
0 0.428618 0.203004 0.021964 0.024225
0 0.449935 0.199612 0.016150 0.027132
0 0.487565 0.248668 0.028101 0.020107
0 0.524709 0.240795 0.039729 0.019864
0 0.555394 0.225654 0.028101 0.021076
0 0.585756 0.241400 0.033915 0.018653
0 0.554910 0.300145 0.025840 0.023740
0 0.805717 0.373789 0.034561 0.019380
0 0.707203 0.381298 0.030039 0.019864
0 0.432655 0.348837 0.031331 0.014535
0 0.506137 0.392563 0.016796 0.025436
0 0.591247 0.390019 0.011305 0.021802
0 0.773902 0.255087 0.032300 0.016957
0 0.745963 0.167515 0.023579 0.018653
0 0.597384 0.193798 0.024871 0.024225
0 0.797319 0.333212 0.017765 0.025436
0 0.850452 0.311289 0.045220 0.021802
0 0.878391 0.303779 0.028101 0.026163
0 0.902616 0.357679 0.018411 0.020107
0 0.913114 0.446705 0.036176 0.015019
0 0.706395 0.419816 0.023256 0.024225
0 0.326389 0.422723 0.037145 0.016957
0 0.387112 0.386143 0.020995 0.026163
0 0.358043 0.561168 0.024225 0.025921
0 0.431525 0.499394 0.025840 0.022529
0 0.480620 0.500848 0.041990 0.015746
0 0.193637 0.268411 0.024871 0.031492
0 0.267119 0.404554 0.031654 0.038760
0 0.215924 0.592297 0.014535 0.024225
0 0.409238 0.633236 0.025194 0.021318
0 0.597384 0.551841 0.041021 0.016957
0 0.718023 0.450581 0.029070 0.014535
0 0.802810 0.550872 0.024225 0.012597
0 0.325258 0.471294 0.032946 0.013324
0 0.419251 0.715359 0.022610 0.024225
0 0.436370 0.682292 0.029070 0.020107
0 0.320413 0.687742 0.031654 0.018895
0 0.567506 0.807049 0.028424 0.020107
0 0.513727 0.819404 0.020995 0.023014
0 0.273094 0.771681 0.020995 0.023014
0 0.199774 0.689196 0.024225 0.021802
0 0.484012 0.817103 0.027455 0.014535
0 0.790859 0.814317 0.017765 0.023498
0 0.809755 0.766231 0.029716 0.016957
0 0.865956 0.737645 0.016150 0.026647
0 0.888081 0.748910 0.034561 0.018653
0 0.893249 0.764050 0.024225 0.014050
0 0.343831 0.846657 0.024871 0.016957
0 0.296189 0.812742 0.036176 0.019380
0 0.310724 0.817708 0.028424 0.020591
0 0.219477 0.755935 0.033269 0.020591
0 0.485950 0.452762 0.024871 0.016473
