0 0.690568 0.339753 0.035530 0.027859
0 0.723676 0.387718 0.037145 0.032703
0 0.594961 0.334302 0.039406 0.024225
0 0.413598 0.569041 0.033915 0.019864
0 0.450097 0.663275 0.040375 0.029070
0 0.552164 0.671027 0.034561 0.016957
0 0.331234 0.639656 0.037145 0.030281
0 0.308301 0.480620 0.026809 0.023740
0 0.354328 0.439196 0.025194 0.026647
0 0.384690 0.438469 0.025840 0.026647
0 0.130652 0.317708 0.037791 0.020107
0 0.160207 0.203004 0.025840 0.033915
0 0.205749 0.238130 0.031654 0.024225
0 0.261466 0.212330 0.034561 0.023498
0 0.353844 0.185441 0.024225 0.025436
0 0.259044 0.235102 0.031654 0.020591
0 0.240472 0.387112 0.024871 0.029070
0 0.192345 0.474564 0.030685 0.035853
0 0.157300 0.499031 0.021964 0.029070
0 0.278747 0.331880 0.032300 0.016957
0 0.246932 0.342539 0.026809 0.016473
0 0.355943 0.373183 0.021964 0.027859
0 0.300711 0.434593 0.029070 0.021318
0 0.267926 0.471172 0.021641 0.024225
0 0.295381 0.509932 0.044251 0.016957
0 0.347545 0.516715 0.038760 0.019380
0 0.340601 0.613614 0.037791 0.024225
0 0.202035 0.576914 0.033915 0.024952
0 0.166990 0.623183 0.031654 0.027859
0 0.189276 0.634084 0.029070 0.020591
0 0.207687 0.642563 0.022610 0.018169
0 0.260659 0.629845 0.031654 0.012112
0 0.267603 0.546027 0.014535 0.018895
0 0.656008 0.466449 0.019380 0.025436
0 0.738695 0.290092 0.034884 0.027859
0 0.618702 0.301962 0.027455 0.025921
0 0.406008 0.337330 0.032946 0.018169
0 0.381460 0.315286 0.038760 0.023498
0 0.506137 0.185683 0.018734 0.029797
0 0.544089 0.344598 0.026809 0.027859
0 0.641311 0.226260 0.037145 0.017442
0 0.826227 0.219234 0.035530 0.031492
0 0.821867 0.250242 0.033269 0.021802
0 0.826712 0.323522 0.033269 0.023014
0 0.856589 0.354046 0.020026 0.028343
0 0.720123 0.475775 0.017119 0.026163
0 0.729005 0.491158 0.029716 0.023014
0 0.875646 0.491521 0.019380 0.029554
0 0.950581 0.478198 0.016150 0.028585
0 0.842054 0.403343 0.023256 0.024225
0 0.859012 0.383115 0.026809 0.023498
0 0.905846 0.405523 0.031331 0.028585
0 0.857720 0.652253 0.037145 0.027859
0 0.804910 0.649346 0.026486 0.023014
0 0.671673 0.609859 0.024871 0.025436
0 0.721738 0.674419 0.041021 0.029554
0 0.765019 0.698280 0.030685 0.023014
0 0.925549 0.693193 0.024225 0.021076
0 0.959625 0.711967 0.022610 0.023740
0 0.360788 0.695979 0.041344 0.029070
0 0.882429 0.322796 0.044574 0.027859
0 0.231589 0.325339 0.016796 0.019380
0 0.173773 0.385901 0.038760 0.019380
0 0.407946 0.617490 0.035530 0.028585
0 0.459787 0.619671 0.033915 0.012112
0 0.309916 0.667515 0.023579 0.027859
0 0.865956 0.751332 0.035530 0.030766
0 0.936047 0.751938 0.022610 0.028585
0 0.830749 0.835877 0.029716 0.020591
0 0.685401 0.782219 0.020026 0.028585
0 0.634205 0.732558 0.043605 0.022287
0 0.403908 0.800388 0.040375 0.023740
0 0.496447 0.840601 0.039406 0.019380
0 0.199774 0.739583 0.024225 0.024225
0 0.152778 0.746487 0.025840 0.022529
0 0.157300 0.729288 0.028424 0.020591
0 0.161014 0.704336 0.020995 0.020591
0 0.225129 0.820736 0.028424 0.029070
0 0.231105 0.790455 0.020995 0.019380
0 0.444283 0.788639 0.056525 0.027859
0 0.330103 0.802810 0.021964 0.027132
0 0.291344 0.874273 0.032946 0.026163
0 0.294251 0.756783 0.038760 0.019864
0 0.288921 0.778585 0.036499 0.024709
0 0.817829 0.796148 0.042636 0.022529
0 0.591731 0.777132 0.018734 0.029070
0 0.553456 0.878876 0.046835 0.024225
0 0.498547 0.869428 0.027455 0.019864
0 0.351583 0.759811 0.024225 0.027374
0 0.366441 0.771560 0.026809 0.019380
0 0.391473 0.759448 0.032946 0.024225
0 0.412952 0.736797 0.027455 0.016231
0 0.309109 0.703488 0.029716 0.028585
0 0.196544 0.660853 0.027455 0.024225
0 0.189922 0.677810 0.029070 0.014535
0 0.943475 0.613857 0.041990 0.028585
0 0.886143 0.876453 0.030685 0.021802
0 0.810562 0.885538 0.034561 0.025436
0 0.744348 0.772287 0.021641 0.024225
0 0.951066 0.850291 0.030039 0.024225
0 0.639373 0.758600 0.039729 0.020107
0 0.666828 0.768653 0.026809 0.024225
0 0.629199 0.807897 0.038760 0.014535
0 0.658430 0.895228 0.030685 0.020591
0 0.677649 0.901284 0.029070 0.018169
0 0.797158 0.847384 0.029070 0.012112
0 0.551034 0.813711 0.038760 0.028585
0 0.211402 0.758600 0.011951 0.025921
0 0.951550 0.118096 0.029070 0.020591
0 0.767442 0.157219 0.051680 0.018895
0 0.785530 0.195373 0.029716 0.018653
0 0.661176 0.109981 0.028424 0.031008
0 0.702358 0.108769 0.050711 0.024709
0 0.781492 0.072432 0.028101 0.024709
0 0.831072 0.093629 0.019380 0.027374
0 0.912306 0.138687 0.023579 0.023014
0 0.859819 0.180233 0.025194 0.026163
0 0.886466 0.176357 0.023579 0.026647
0 0.381783 0.371003 0.032946 0.035610
0 0.760982 0.807292 0.032300 0.018169
0 0.926841 0.883358 0.028101 0.018653
0 0.926034 0.896681 0.023256 0.017684
0 0.222222 0.102471 0.029070 0.024225
0 0.347384 0.083333 0.050065 0.021318
0 0.388727 0.097505 0.024225 0.025436
0 0.422642 0.097626 0.033915 0.026647
0 0.499193 0.123547 0.033915 0.021802
0 0.467377 0.114583 0.012274 0.026647
0 0.428295 0.148135 0.032300 0.018653
0 0.418443 0.167151 0.030685 0.016957
0 0.362726 0.153828 0.038760 0.036337
0 0.211402 0.143895 0.020349 0.034399
0 0.523902 0.112766 0.028424 0.023014
0 0.544897 0.126090 0.032946 0.027859
0 0.508882 0.165092 0.024225 0.023498
0 0.524709 0.182049 0.039729 0.016231
0 0.471415 0.219234 0.034561 0.014535
0 0.626453 0.152980 0.041021 0.017684
0 0.665213 0.143895 0.042959 0.023740
0 0.167474 0.146560 0.024225 0.031492
0 0.136789 0.125484 0.027455 0.031492
0 0.156815 0.127301 0.027455 0.025436
0 0.297319 0.155644 0.024225 0.018169
0 0.293766 0.200460 0.024871 0.013324
0 0.802487 0.106710 0.046189 0.023014
0 0.796027 0.140262 0.021641 0.023740
0 0.947351 0.099079 0.032300 0.023740
