0 0.120196 0.089637 0.042200 0.033322
0 0.147513 0.146285 0.035041 0.021326
0 0.081575 0.164445 0.013941 0.031656
0 0.194612 0.203599 0.040317 0.023326
0 0.218538 0.283406 0.035418 0.017661
0 0.360399 0.080140 0.023738 0.030990
0 0.384137 0.072809 0.016956 0.028324
0 0.432366 0.143619 0.025998 0.023326
0 0.462133 0.055648 0.032781 0.013329
0 0.472306 0.130290 0.036549 0.013329
0 0.506029 0.212929 0.022607 0.029990
0 0.508101 0.108797 0.025245 0.024992
0 0.544838 0.128624 0.038433 0.013329
0 0.557084 0.068311 0.031274 0.027324
0 0.572720 0.062979 0.021100 0.021993
0 0.731914 0.029324 0.024491 0.025991
0 0.763564 0.119627 0.027506 0.018660
0 0.885456 0.217594 0.022607 0.027324
0 0.857762 0.229257 0.038809 0.023992
0 0.685192 0.325058 0.029013 0.024325
0 0.503580 0.261579 0.031274 0.013995
0 0.451771 0.341719 0.014318 0.028990
0 0.366993 0.280407 0.030897 0.016328
0 0.314808 0.334055 0.020723 0.028990
0 0.240769 0.382872 0.038433 0.016661
0 0.171816 0.347384 0.025622 0.024325
0 0.182743 0.369543 0.013564 0.026658
0 0.239261 0.448684 0.041447 0.012996
0 0.425207 0.425192 0.021477 0.016661
0 0.798041 0.558814 0.026375 0.019993
0 0.115863 0.612796 0.014695 0.031323
0 0.336285 0.672276 0.022984 0.024325
0 0.372080 0.737421 0.029766 0.020660
0 0.233610 0.750083 0.028636 0.016661
0 0.094197 0.749917 0.018839 0.022326
0 0.351922 0.785072 0.027129 0.026658
0 0.118312 0.839887 0.038433 0.015661
0 0.120950 0.851050 0.033157 0.007997
0 0.181989 0.863712 0.026375 0.029990
0 0.261304 0.963679 0.027506 0.019993
0 0.212886 0.975175 0.031650 0.012996
0 0.427845 0.926191 0.039563 0.018327
0 0.460814 0.928024 0.022607 0.027324
0 0.526940 0.912363 0.023738 0.019327
0 0.847777 0.973009 0.027882 0.012662
0 0.208365 0.919027 0.037679 0.020660
0 0.223813 0.922692 0.036925 0.031323
