0 0.150964 0.308780 0.047478 0.049499
0 0.818620 0.037714 0.033383 0.029464
0 0.840504 0.165586 0.026706 0.020035
0 0.787834 0.139069 0.022255 0.024750
0 0.648739 0.131408 0.020030 0.023571
0 0.522626 0.042428 0.025964 0.029464
0 0.412463 0.087213 0.057864 0.029464
0 0.298961 0.060106 0.035608 0.018857
0 0.083086 0.063936 0.020772 0.021803
0 0.053042 0.099293 0.024481 0.030053
0 0.066395 0.201827 0.021513 0.030053
0 0.675445 0.312905 0.021513 0.027107
0 0.542656 0.425457 0.022997 0.027107
0 0.947329 0.436064 0.032641 0.041249
0 0.138724 0.926341 0.043027 0.031821
0 0.148739 0.954331 0.021513 0.014732
0 0.541172 0.970536 0.012611 0.027107
0 0.843101 0.983206 0.027448 0.018268
