0 0.434368 0.079753 0.055046 0.030018
0 0.656669 0.123602 0.021171 0.024720
0 0.790755 0.131842 0.022583 0.025898
0 0.841567 0.159211 0.025406 0.022955
0 0.918137 0.256327 0.034580 0.025309
0 0.917784 0.315185 0.039520 0.022955
0 0.911080 0.358740 0.040226 0.031195
0 0.853211 0.320483 0.024700 0.022955
0 0.907551 0.423484 0.035992 0.018246
0 0.807339 0.443790 0.027523 0.050618
0 0.557516 0.417599 0.020466 0.026486
0 0.844390 0.974985 0.026817 0.021778
0 0.557163 0.964685 0.012703 0.018835
0 0.184545 0.947028 0.016937 0.014126
