0 0.737596 0.025802 0.028666 0.023156
0 0.565968 0.063182 0.027931 0.027787
0 0.581771 0.059543 0.021316 0.021833
0 0.766997 0.115117 0.028666 0.015217
0 0.553473 0.123718 0.032341 0.013893
0 0.519294 0.104863 0.027196 0.021171
0 0.482911 0.124711 0.033811 0.014555
0 0.517824 0.206748 0.024256 0.029110
0 0.858875 0.224942 0.038956 0.019186
0 0.885704 0.210387 0.019111 0.025802
0 0.516722 0.255045 0.029401 0.015878
0 0.139655 0.085676 0.039691 0.030433
0 0.180448 0.097254 0.024256 0.023156
0 0.166115 0.140589 0.035281 0.025141
0 0.103271 0.157790 0.015436 0.030433
0 0.212789 0.197155 0.034546 0.021833
0 0.235943 0.276877 0.032341 0.017201
0 0.379272 0.275223 0.029401 0.017863
0 0.329291 0.326166 0.019111 0.028449
0 0.463065 0.335759 0.014700 0.030433
0 0.561558 0.331128 0.013230 0.025141
0 0.690922 0.369500 0.022051 0.025141
0 0.704888 0.413166 0.030871 0.019848
0 0.436604 0.479987 0.033811 0.017201
0 0.438074 0.417135 0.023521 0.018525
0 0.378537 0.480979 0.022051 0.025802
0 0.257258 0.439960 0.033811 0.019186
0 0.259096 0.374462 0.033076 0.017863
0 0.200662 0.361231 0.014700 0.028449
0 0.187431 0.339729 0.022051 0.023817
0 0.572216 0.549454 0.038956 0.021171
0 0.801176 0.551770 0.026461 0.015217
