0 0.265332 0.576408 0.063267 0.051475
0 0.337314 0.494370 0.045836 0.050402
0 0.343447 0.284987 0.095546 0.033780
0 0.567140 0.172118 0.043254 0.051475
0 0.481924 0.130831 0.057456 0.040751
0 0.484506 0.268097 0.060039 0.053619
0 0.662040 0.221180 0.036798 0.038070
0 0.736604 0.709383 0.069722 0.057909
0 0.626533 0.820643 0.048418 0.047721
0 0.487411 0.920643 0.038735 0.051475
0 0.373467 0.549866 0.058748 0.038070
0 0.505487 0.487131 0.054229 0.058445
0 0.456101 0.354155 0.044545 0.046649
0 0.846352 0.221716 0.058102 0.045576
0 0.396385 0.119035 0.067140 0.043968
0 0.686895 0.124933 0.121369 0.025737
0 0.910265 0.124665 0.054229 0.034853
0 0.903486 0.155228 0.061330 0.038070
0 0.974822 0.084450 0.042608 0.041287
0 0.914461 0.577212 0.083280 0.041287
0 0.635249 0.606166 0.060684 0.028418
0 0.319238 0.954155 0.044545 0.033780
0 0.759522 0.358713 0.051001 0.042895
0 0.836992 0.275067 0.076824 0.033244
0 0.763073 0.252547 0.060684 0.035389
0 0.705294 0.219571 0.054874 0.061662
0 0.457715 0.792761 0.068431 0.059517
0 0.513234 0.679893 0.061975 0.058981
0 0.549709 0.706166 0.053583 0.051475
0 0.336669 0.610188 0.047127 0.055764
0 0.349258 0.560322 0.064558 0.041823
1 0.677534 0.482306 0.220142 0.152815
0 0.774371 0.497587 0.032924 0.056836
0 0.841511 0.307775 0.043254 0.027882
0 0.800839 0.307775 0.047127 0.034316
0 0.288250 0.728418 0.060039 0.048794
0 0.317624 0.707507 0.041317 0.040214
0 0.368302 0.721448 0.038089 0.041287
0 0.823434 0.623056 0.030342 0.048257
0 0.771143 0.620643 0.025178 0.043432
0 0.545190 0.966488 0.039380 0.017694
