0 0.204545 0.222591 0.077922 0.073090
0 0.532468 0.197674 0.071429 0.076412
0 0.641234 0.247508 0.068182 0.069767
0 0.628247 0.323920 0.061688 0.069767
0 0.797078 0.318937 0.055195 0.066445
0 0.884740 0.368771 0.081169 0.079734
0 0.943182 0.284053 0.061688 0.063123
0 0.902597 0.521595 0.045455 0.093023
0 0.787338 0.561462 0.061688 0.073090
0 0.862013 0.692691 0.048701 0.076412
0 0.735390 0.769103 0.081169 0.089701
0 0.772727 0.855482 0.103896 0.069767
0 0.652597 0.845515 0.064935 0.076412
0 0.603896 0.696013 0.084416 0.089701
0 0.491883 0.644518 0.061688 0.073090
0 0.564935 0.448505 0.090909 0.059801
0 0.686688 0.475083 0.087662 0.059801
0 0.186688 0.481728 0.081169 0.066445
0 0.222403 0.589701 0.061688 0.076412
0 0.048701 0.335548 0.084416 0.079734
0 0.128247 0.093023 0.081169 0.059801
0 0.074675 0.119601 0.071429 0.046512
0 0.029221 0.220930 0.051948 0.076412
0 0.032468 0.441860 0.058442 0.099668
0 0.025974 0.622924 0.045455 0.063123
0 0.123377 0.827243 0.084416 0.066445
0 0.061688 0.857143 0.110390 0.066445
0 0.532468 0.905316 0.064935 0.069767
0 0.571429 0.843854 0.071429 0.066445
0 0.628247 0.920266 0.087662 0.053156
0 0.399351 0.523256 0.051948 0.069767
0 0.073052 0.679402 0.061688 0.076412
