0 0.099662 0.043675 0.097973 0.063253
0 0.378378 0.085843 0.054054 0.057229
0 0.364865 0.141566 0.081081 0.048193
0 0.589527 0.073795 0.084459 0.057229
0 0.611486 0.165663 0.060811 0.066265
0 0.744932 0.137048 0.064189 0.081325
0 0.841216 0.185241 0.074324 0.063253
0 0.851351 0.253012 0.040541 0.060241
0 0.942568 0.269578 0.054054 0.057229
0 0.753378 0.259036 0.081081 0.072289
0 0.535473 0.182229 0.064189 0.069277
0 0.309122 0.185241 0.070946 0.039157
0 0.322635 0.260542 0.097973 0.081325
0 0.209459 0.240964 0.074324 0.060241
0 0.224662 0.329819 0.057432 0.051205
0 0.273649 0.451807 0.060811 0.054217
0 0.640203 0.487952 0.070946 0.066265
0 0.646959 0.543675 0.131757 0.063253
0 0.733108 0.477410 0.067568 0.057229
0 0.782095 0.424699 0.077703 0.042169
0 0.824324 0.379518 0.067568 0.072289
0 0.903716 0.558735 0.070946 0.075301
0 0.716216 0.673193 0.060811 0.057229
0 0.560811 0.691265 0.074324 0.045181
0 0.469595 0.704819 0.067568 0.042169
0 0.331081 0.643072 0.114865 0.063253
0 0.170608 0.594880 0.070946 0.063253
0 0.157095 0.727410 0.057432 0.093373
0 0.170608 0.840361 0.077703 0.060241
0 0.189189 0.920181 0.054054 0.063253
0 0.554054 0.795181 0.087838 0.048193
0 0.768581 0.813253 0.077703 0.066265
0 0.692568 0.890060 0.074324 0.063253
0 0.908784 0.939759 0.067568 0.078313
0 0.748311 0.947289 0.064189 0.087349
0 0.359797 0.819277 0.057432 0.054217
0 0.334459 0.783133 0.054054 0.042169
