0 0.319865 0.142187 0.067340 0.046875
0 0.365320 0.162500 0.050505 0.062500
0 0.296296 0.165625 0.053872 0.043750
0 0.301347 0.212500 0.050505 0.043750
0 0.345118 0.214062 0.043771 0.034375
0 0.265993 0.267188 0.040404 0.065625
0 0.321549 0.309375 0.057239 0.062500
0 0.510101 0.287500 0.057239 0.050000
0 0.484848 0.237500 0.053872 0.050000
0 0.493266 0.170313 0.077441 0.084375
0 0.456229 0.185938 0.063973 0.040625
0 0.434343 0.123438 0.033670 0.053125
0 0.560606 0.114062 0.057239 0.053125
0 0.629630 0.110937 0.060606 0.071875
0 0.506734 0.098437 0.070707 0.065625
0 0.191919 0.101562 0.067340 0.065625
0 0.210438 0.182812 0.090909 0.059375
0 0.134680 0.243750 0.074074 0.050000
0 0.134680 0.307812 0.087542 0.053125
0 0.119529 0.373437 0.063973 0.059375
0 0.136364 0.473438 0.063973 0.059375
0 0.127946 0.515625 0.074074 0.043750
0 0.090909 0.537500 0.047138 0.062500
0 0.050505 0.532813 0.053872 0.059375
0 0.361953 0.396875 0.070707 0.056250
0 0.370370 0.471875 0.067340 0.068750
0 0.271044 0.443750 0.077441 0.050000
0 0.208754 0.509375 0.060606 0.068750
0 0.281145 0.515625 0.070707 0.062500
0 0.240741 0.642188 0.063973 0.065625
0 0.193603 0.645312 0.057239 0.059375
0 0.321549 0.685937 0.084175 0.078125
0 0.451178 0.682813 0.101010 0.071875
0 0.434343 0.734375 0.047138 0.043750
0 0.395623 0.781250 0.070707 0.056250
0 0.454545 0.554688 0.087542 0.059375
0 0.560606 0.443750 0.070707 0.075000
0 0.631313 0.421875 0.084175 0.075000
0 0.717172 0.432812 0.067340 0.090625
0 0.703704 0.357812 0.094276 0.071875
0 0.868687 0.303125 0.080808 0.056250
0 0.942761 0.356250 0.067340 0.075000
0 0.809764 0.359375 0.077441 0.043750
0 0.804714 0.398438 0.101010 0.065625
0 0.776094 0.271875 0.063973 0.043750
0 0.821549 0.250000 0.047138 0.062500
0 0.851852 0.176563 0.074074 0.065625
0 0.787879 0.212500 0.053872 0.062500
0 0.732323 0.181250 0.063973 0.062500
0 0.690236 0.146875 0.047138 0.087500
0 0.740741 0.110937 0.067340 0.059375
0 0.688552 0.239063 0.090909 0.059375
0 0.589226 0.267188 0.060606 0.053125
0 0.560606 0.207813 0.043771 0.071875
0 0.649832 0.201563 0.047138 0.059375
0 0.621212 0.545312 0.063973 0.103125
0 0.676768 0.540625 0.060606 0.093750
0 0.905724 0.523438 0.074074 0.065625
0 0.888889 0.635938 0.060606 0.053125
0 0.961279 0.606250 0.077441 0.075000
0 0.851852 0.779687 0.087542 0.071875
0 0.782828 0.754687 0.077441 0.103125
0 0.750842 0.798438 0.047138 0.059375
0 0.659933 0.735938 0.067340 0.053125
0 0.597643 0.753125 0.057239 0.062500
0 0.555556 0.676562 0.080808 0.084375
0 0.558923 0.612500 0.107744 0.087500
0 0.621212 0.659375 0.043771 0.062500
0 0.693603 0.645312 0.074074 0.090625
0 0.144781 0.865625 0.067340 0.068750
0 0.215488 0.871875 0.067340 0.050000
0 0.099327 0.898438 0.070707 0.040625
0 0.053872 0.940625 0.074074 0.068750
0 0.319865 0.907813 0.080808 0.053125
0 0.489899 0.953125 0.070707 0.068750
0 0.398990 0.953125 0.077441 0.093750
0 0.846801 0.885938 0.057239 0.084375
0 0.936027 0.857812 0.080808 0.084375
0 0.860269 0.953125 0.063973 0.068750
0 0.720539 0.915625 0.094276 0.087500
0 0.806397 0.953125 0.043771 0.068750
0 0.663300 0.309375 0.067340 0.068750
