0 0.334448 0.682724 0.073579 0.063123
0 0.530100 0.455150 0.076923 0.112957
0 0.454849 0.471761 0.113712 0.093023
0 0.473244 0.583056 0.063545 0.109635
0 0.655518 0.400332 0.060201 0.096346
0 0.744147 0.460133 0.076923 0.083056
0 0.632107 0.496678 0.040134 0.076412
0 0.857860 0.431894 0.056856 0.086379
0 0.908027 0.593023 0.056856 0.056478
0 0.816054 0.787375 0.107023 0.066445
0 0.481605 0.759136 0.060201 0.089701
0 0.331104 0.789037 0.066890 0.089701
0 0.259197 0.802326 0.063545 0.109635
0 0.188963 0.644518 0.050167 0.079734
0 0.172241 0.579734 0.083612 0.069767
0 0.153846 0.330565 0.073579 0.049834
0 0.102007 0.280731 0.070234 0.076412
0 0.222408 0.159468 0.063545 0.086379
0 0.307692 0.122924 0.073579 0.073090
0 0.272575 0.197674 0.050167 0.063123
0 0.167224 0.146179 0.066890 0.079734
0 0.088629 0.146179 0.063545 0.073090
0 0.538462 0.215947 0.046823 0.073090
0 0.585284 0.202658 0.066890 0.073090
0 0.553512 0.156146 0.070234 0.053156
0 0.931438 0.428571 0.110368 0.132890
0 0.978261 0.719269 0.043478 0.076412
0 0.289298 0.940199 0.096990 0.059801
0 0.193980 0.784053 0.060201 0.079734
0 0.108696 0.730897 0.056856 0.066445
0 0.152174 0.719269 0.063545 0.063123
0 0.193980 0.705980 0.073579 0.076412
0 0.573579 0.908638 0.076923 0.069767
0 0.543478 0.966777 0.043478 0.066445
0 0.881271 0.910299 0.063545 0.059801
0 0.961538 0.199336 0.070234 0.046512
0 0.944816 0.235880 0.056856 0.066445
0 0.647157 0.905316 0.036789 0.089701
