0 0.646970 0.316761 0.051515 0.071023
0 0.695455 0.306818 0.039394 0.079545
0 0.928788 0.200284 0.051515 0.065341
0 0.801515 0.319602 0.106061 0.076705
0 0.710606 0.389205 0.063636 0.079545
0 0.274242 0.407670 0.069697 0.059659
0 0.315152 0.365057 0.060606 0.065341
0 0.301515 0.306818 0.081818 0.073864
0 0.384848 0.250000 0.109091 0.062500
0 0.492424 0.053977 0.069697 0.068182
0 0.709091 0.035511 0.060606 0.065341
0 0.612121 0.140625 0.066667 0.082386
0 0.257576 0.125000 0.060606 0.056818
0 0.403030 0.062500 0.054545 0.102273
0 0.350000 0.086648 0.063636 0.065341
0 0.125758 0.407670 0.075758 0.093750
0 0.183333 0.188920 0.075758 0.082386
0 0.169697 0.106534 0.078788 0.076705
0 0.772727 0.488636 0.060606 0.073864
0 0.669697 0.667614 0.066667 0.062500
0 0.689394 0.622159 0.069697 0.062500
0 0.927273 0.541193 0.060606 0.082386
0 0.968182 0.634943 0.051515 0.071023
0 0.845455 0.740057 0.066667 0.065341
0 0.474242 0.796875 0.057576 0.065341
0 0.413636 0.744318 0.045455 0.073864
0 0.403030 0.654830 0.054545 0.065341
0 0.327273 0.651989 0.072727 0.042614
0 0.300000 0.593750 0.109091 0.068182
0 0.248485 0.786932 0.036364 0.056818
0 0.303030 0.758523 0.054545 0.056818
0 0.293939 0.802557 0.072727 0.048295
0 0.575758 0.771307 0.072727 0.059659
0 0.519697 0.678977 0.069697 0.068182
0 0.813636 0.825284 0.075758 0.059659
0 0.869697 0.846591 0.048485 0.073864
0 0.646970 0.853693 0.051515 0.071023
0 0.315152 0.872159 0.072727 0.073864
0 0.146970 0.737216 0.063636 0.053977
0 0.171212 0.700284 0.075758 0.042614
0 0.068182 0.710227 0.057576 0.079545
0 0.219697 0.829545 0.081818 0.039773
0 0.218182 0.865057 0.072727 0.036932
0 0.643939 0.916193 0.063636 0.048295
0 0.687879 0.903409 0.066667 0.062500
0 0.963636 0.897727 0.072727 0.068182
0 0.975758 0.559659 0.048485 0.062500
0 0.536364 0.808239 0.072727 0.048295
