0 0.105030 0.301676 0.073964 0.083799
0 0.091716 0.185754 0.065089 0.069832
0 0.133136 0.078212 0.047337 0.061453
0 0.186391 0.079609 0.053254 0.047486
0 0.300296 0.289106 0.068047 0.086592
0 0.372781 0.269553 0.059172 0.058659
0 0.417160 0.247207 0.059172 0.064246
0 0.426036 0.185754 0.053254 0.041899
0 0.569527 0.114525 0.073964 0.061453
0 0.597633 0.072626 0.071006 0.067039
0 0.667160 0.177374 0.056213 0.064246
0 0.633136 0.262570 0.047337 0.072626
0 0.668639 0.210894 0.071006 0.041899
0 0.662722 0.234637 0.035503 0.055866
0 0.819527 0.247207 0.035503 0.041899
0 0.843195 0.282123 0.041420 0.050279
0 0.852071 0.438547 0.082840 0.100559
0 0.776627 0.431564 0.085799 0.103352
0 0.920118 0.553073 0.053254 0.061453
0 0.807692 0.575419 0.047337 0.055866
0 0.890533 0.611732 0.076923 0.067039
0 0.832840 0.615922 0.068047 0.041899
0 0.547337 0.412011 0.053254 0.058659
0 0.477811 0.363128 0.056213 0.050279
0 0.423077 0.400838 0.059172 0.069832
0 0.451183 0.459497 0.062130 0.064246
0 0.275148 0.357542 0.071006 0.072626
0 0.207101 0.364525 0.047337 0.069832
0 0.068047 0.400838 0.041420 0.064246
0 0.031065 0.539106 0.050296 0.061453
0 0.369822 0.488827 0.059172 0.061453
0 0.252959 0.579609 0.050296 0.058659
0 0.498521 0.536313 0.079882 0.083799
0 0.522189 0.600559 0.068047 0.067039
0 0.579882 0.662011 0.071006 0.055866
0 0.643491 0.734637 0.073964 0.055866
0 0.849112 0.720670 0.106509 0.072626
0 0.881657 0.779330 0.065089 0.050279
0 0.875740 0.831006 0.047337 0.058659
0 0.772189 0.798883 0.071006 0.050279
0 0.686391 0.800279 0.065089 0.064246
0 0.616864 0.867318 0.062130 0.064246
0 0.646450 0.850559 0.044379 0.047486
0 0.684911 0.865922 0.050296 0.039106
0 0.713018 0.895251 0.071006 0.036313
0 0.439349 0.856145 0.103550 0.064246
0 0.386095 0.715084 0.056213 0.044693
0 0.433432 0.717877 0.068047 0.078212
0 0.433432 0.638268 0.068047 0.036313
0 0.383136 0.606145 0.062130 0.061453
0 0.340237 0.622905 0.071006 0.111732
0 0.300296 0.601955 0.068047 0.092179
0 0.210059 0.720670 0.082840 0.044693
0 0.088757 0.738827 0.071006 0.075419
0 0.131657 0.782123 0.050296 0.055866
0 0.028107 0.631285 0.050296 0.061453
0 0.309172 0.797486 0.062130 0.075419
0 0.338757 0.779330 0.062130 0.050279
0 0.332840 0.905028 0.079882 0.055866
0 0.254438 0.893855 0.053254 0.072626
0 0.100592 0.892458 0.047337 0.069832
0 0.036982 0.891061 0.032544 0.072626
0 0.687870 0.398045 0.062130 0.058659
