0 0.317891 0.269231 0.041534 0.070769
0 0.420128 0.355385 0.073482 0.076923
0 0.440895 0.193846 0.057508 0.092308
0 0.258786 0.158462 0.063898 0.033846
0 0.295527 0.083077 0.086262 0.049231
0 0.348243 0.103077 0.051118 0.058462
0 0.214058 0.100000 0.044728 0.058462
0 0.623003 0.096923 0.057508 0.058462
0 0.608626 0.141538 0.079872 0.049231
0 0.638978 0.198462 0.076677 0.058462
0 0.704473 0.320000 0.105431 0.061538
0 0.750799 0.370769 0.044728 0.052308
0 0.837061 0.387692 0.083067 0.080000
0 0.840256 0.541538 0.083067 0.092308
0 0.950479 0.512308 0.073482 0.076923
0 0.857827 0.681538 0.086262 0.076923
0 0.907348 0.792308 0.076677 0.070769
0 0.605431 0.716923 0.060703 0.092308
0 0.506390 0.738462 0.079872 0.092308
0 0.455272 0.624615 0.118211 0.086154
0 0.362620 0.823077 0.086262 0.070769
0 0.231629 0.780000 0.067093 0.089231
0 0.261981 0.735385 0.038339 0.049231
0 0.191693 0.660000 0.083067 0.101538
0 0.105431 0.693846 0.076677 0.089231
0 0.076677 0.473846 0.051118 0.036923
0 0.078275 0.507692 0.060703 0.049231
0 0.138978 0.310769 0.054313 0.092308
0 0.164537 0.253846 0.067093 0.089231
0 0.135783 0.372308 0.092652 0.055385
0 0.303514 0.926154 0.083067 0.098462
0 0.495208 0.889231 0.070288 0.073846
0 0.642173 0.907692 0.083067 0.043077
0 0.720447 0.940000 0.067093 0.058462
0 0.787540 0.949231 0.073482 0.064615
