0 0.214286 0.086039 0.079365 0.048701
0 0.114286 0.064935 0.069841 0.058442
0 0.065079 0.141234 0.060317 0.087662
0 0.665079 0.068182 0.073016 0.038961
0 0.722222 0.051948 0.073016 0.038961
0 0.687302 0.163961 0.073016 0.048701
0 0.661905 0.282468 0.060317 0.071429
0 0.696825 0.230519 0.053968 0.051948
0 0.868254 0.112013 0.060317 0.061688
0 0.868254 0.056818 0.047619 0.061688
0 0.849206 0.152597 0.047619 0.051948
0 0.885714 0.211039 0.069841 0.064935
0 0.860317 0.305195 0.044444 0.064935
0 0.892063 0.336039 0.031746 0.061688
0 0.876190 0.391234 0.063492 0.074675
0 0.826984 0.501623 0.079365 0.074675
0 0.888889 0.454545 0.076190 0.064935
0 0.734921 0.564935 0.066667 0.077922
0 0.676190 0.686688 0.057143 0.061688
0 0.695238 0.657468 0.057143 0.061688
0 0.614286 0.806818 0.066667 0.081169
0 0.682540 0.912338 0.050794 0.058442
0 0.722222 0.892857 0.034921 0.051948
0 0.793651 0.743506 0.063492 0.045455
0 0.880952 0.743506 0.053968 0.051948
0 0.947619 0.855519 0.066667 0.068182
0 0.900000 0.944805 0.066667 0.077922
0 0.834921 0.829545 0.044444 0.055195
0 0.388889 0.426948 0.060317 0.068182
0 0.363492 0.553571 0.079365 0.068182
0 0.353968 0.685065 0.060317 0.045455
0 0.530159 0.672078 0.076190 0.051948
0 0.209524 0.311688 0.063492 0.051948
0 0.290476 0.167208 0.066667 0.068182
0 0.196825 0.267857 0.069841 0.048701
0 0.107937 0.308442 0.057143 0.084416
0 0.163492 0.336039 0.047619 0.068182
0 0.098413 0.183442 0.076190 0.048701
0 0.219048 0.522727 0.057143 0.071429
0 0.111111 0.650974 0.076190 0.061688
0 0.088889 0.819805 0.069841 0.068182
0 0.296825 0.738636 0.073016 0.081169
0 0.387302 0.918831 0.057143 0.071429
0 0.449206 0.951299 0.053968 0.058442
0 0.430159 0.970779 0.053968 0.051948
0 0.863492 0.970779 0.038095 0.058442
0 0.287302 0.954545 0.034921 0.071429
0 0.487302 0.866883 0.092063 0.084416
0 0.350794 0.946429 0.060317 0.068182
