0 0.149306 0.153595 0.083333 0.045752
0 0.163194 0.197712 0.055556 0.055556
0 0.496528 0.142157 0.083333 0.055556
0 0.562500 0.209150 0.055556 0.071895
0 0.626736 0.171569 0.045139 0.081699
0 0.694444 0.137255 0.083333 0.078431
0 0.939236 0.192810 0.059028 0.071895
0 0.791667 0.243464 0.076389 0.068627
0 0.637153 0.472222 0.086806 0.049020
0 0.776042 0.490196 0.065972 0.078431
0 0.953125 0.370915 0.079861 0.055556
0 0.859375 0.553922 0.065972 0.049020
0 0.895833 0.665033 0.069444 0.062092
0 0.914931 0.609477 0.072917 0.062092
0 0.420139 0.470588 0.083333 0.071895
0 0.309028 0.366013 0.083333 0.071895
0 0.243056 0.362745 0.069444 0.045752
0 0.164931 0.413399 0.100694 0.068627
0 0.201389 0.482026 0.069444 0.049020
0 0.298611 0.532680 0.069444 0.071895
0 0.180556 0.612745 0.097222 0.049020
0 0.159722 0.522876 0.069444 0.071895
0 0.050347 0.486928 0.079861 0.045752
0 0.039931 0.573529 0.072917 0.068627
0 0.427083 0.655229 0.055556 0.062092
0 0.449653 0.709150 0.065972 0.058824
0 0.392361 0.746732 0.062500 0.075163
0 0.477431 0.575163 0.079861 0.065359
0 0.307292 0.676471 0.079861 0.071895
0 0.571181 0.779412 0.052083 0.055556
0 0.520833 0.843137 0.041667 0.078431
0 0.644097 0.728758 0.072917 0.084967
0 0.619792 0.797386 0.072917 0.058824
0 0.640625 0.839869 0.072917 0.065359
0 0.722222 0.854575 0.062500 0.068627
0 0.774306 0.870915 0.048611 0.062092
0 0.239583 0.730392 0.090278 0.062092
0 0.177083 0.714052 0.048611 0.062092
0 0.225694 0.841503 0.069444 0.062092
0 0.434028 0.839869 0.069444 0.084967
