0 0.514610 0.233333 0.074675 0.081481
0 0.336039 0.250000 0.074675 0.055556
0 0.379870 0.161111 0.064935 0.055556
0 0.685065 0.242593 0.038961 0.070370
0 0.735390 0.262963 0.074675 0.088889
0 0.870130 0.201852 0.064935 0.070370
0 0.832792 0.316667 0.074675 0.055556
0 0.764610 0.412963 0.042208 0.070370
0 0.728896 0.416667 0.042208 0.077778
0 0.655844 0.438889 0.051948 0.062963
0 0.948052 0.572222 0.077922 0.077778
0 0.913961 0.446296 0.055195 0.077778
0 0.819805 0.714815 0.068182 0.074074
0 0.764610 0.798148 0.061688 0.070370
0 0.840909 0.800000 0.064935 0.059259
0 0.853896 0.937037 0.064935 0.081481
0 0.685065 0.846296 0.051948 0.077778
0 0.649351 0.729630 0.051948 0.059259
0 0.610390 0.674074 0.058442 0.059259
0 0.603896 0.701852 0.045455 0.040741
0 0.452922 0.720370 0.048701 0.085185
0 0.477273 0.666667 0.058442 0.074074
0 0.409091 0.542593 0.058442 0.077778
0 0.386364 0.572222 0.045455 0.070370
0 0.250000 0.483333 0.058442 0.077778
0 0.146104 0.724074 0.045455 0.062963
0 0.173701 0.851852 0.061688 0.066667
0 0.269481 0.840741 0.051948 0.088889
0 0.251623 0.212963 0.074675 0.055556
0 0.336039 0.075926 0.068182 0.055556
0 0.284091 0.120370 0.074675 0.062963
0 0.275974 0.168519 0.090909 0.040741
0 0.211039 0.177778 0.071429 0.044444
0 0.108766 0.133333 0.042208 0.066667
0 0.068182 0.124074 0.051948 0.085185
0 0.082792 0.238889 0.074675 0.070370
0 0.095779 0.716667 0.055195 0.055556
0 0.826299 0.066667 0.074675 0.066667
0 0.464286 0.051852 0.045455 0.074074
0 0.639610 0.544444 0.058442 0.066667
0 0.797078 0.485185 0.055195 0.066667
0 0.652597 0.905556 0.058442 0.040741
0 0.732143 0.901852 0.068182 0.055556
0 0.235390 0.925926 0.061688 0.051852
