0 0.685937 0.644384 0.085625 0.072329
0 0.866875 0.435342 0.087500 0.045479
0 0.925312 0.364658 0.055625 0.069589
0 0.935312 0.310411 0.056875 0.057534
0 0.964688 0.347671 0.046875 0.026849
0 0.850000 0.204932 0.041250 0.060274
0 0.917500 0.222466 0.080000 0.051507
0 0.969063 0.194521 0.055625 0.049315
0 0.652500 0.295890 0.087500 0.076712
0 0.777188 0.280274 0.068125 0.043288
0 0.766250 0.326301 0.078750 0.048767
0 0.636875 0.365753 0.066250 0.050959
0 0.528438 0.297260 0.051875 0.065205
0 0.779062 0.169863 0.058125 0.088767
0 0.627812 0.138356 0.115625 0.046575
0 0.671875 0.202740 0.081250 0.070137
0 0.706562 0.164110 0.040625 0.075068
0 0.488750 0.195068 0.043750 0.052603
0 0.364687 0.280274 0.049375 0.078356
0 0.522188 0.390959 0.071875 0.041096
0 0.267500 0.400000 0.081250 0.089863
0 0.491563 0.696712 0.090625 0.044384
0 0.737187 0.721096 0.070625 0.036164
0 0.413125 0.821096 0.063750 0.078356
0 0.640625 0.781918 0.035000 0.058082
0 0.203437 0.658630 0.095625 0.039452
0 0.695312 0.795890 0.060625 0.118904
0 0.636875 0.934795 0.066250 0.055890
0 0.698438 0.935342 0.046875 0.052603
