0 0.682258 0.628205 0.061290 0.054131
0 0.851613 0.669516 0.083871 0.085470
0 0.814516 0.957265 0.061290 0.068376
0 0.904839 0.931624 0.061290 0.074074
0 0.627419 0.924501 0.067742 0.071225
0 0.454839 0.897436 0.077419 0.056980
0 0.264516 0.951567 0.083871 0.045584
0 0.051613 0.839031 0.070968 0.076923
0 0.108065 0.656695 0.048387 0.082621
0 0.272581 0.524217 0.067742 0.062678
0 0.498387 0.485755 0.087097 0.048433
0 0.361290 0.195157 0.090323 0.037037
0 0.801613 0.331909 0.080645 0.054131
0 0.796774 0.274929 0.077419 0.042735
0 0.840323 0.242165 0.048387 0.068376
0 0.670968 0.135328 0.083871 0.042735
0 0.280645 0.276353 0.051613 0.068376
0 0.198387 0.249288 0.074194 0.042735
0 0.143548 0.425926 0.080645 0.048433
0 0.382258 0.645299 0.048387 0.059829
0 0.464516 0.568376 0.045161 0.048433
0 0.409677 0.544160 0.103226 0.068376
0 0.320968 0.588319 0.087097 0.076923
0 0.350000 0.736467 0.080645 0.042735
0 0.158065 0.186610 0.090323 0.059829
0 0.800000 0.433048 0.045161 0.068376
0 0.464516 0.958689 0.070968 0.054131
0 0.404839 0.799145 0.087097 0.054131
0 0.320968 0.782051 0.087097 0.042735
0 0.037097 0.745014 0.067742 0.054131
0 0.040323 0.274929 0.041935 0.059829
