0 0.199140 0.134812 0.065903 0.064846
0 0.312321 0.035836 0.068768 0.051195
0 0.418338 0.083618 0.068768 0.058020
0 0.396848 0.162116 0.037249 0.064846
0 0.141834 0.240614 0.065903 0.058020
0 0.090258 0.325939 0.054441 0.064846
0 0.154728 0.399317 0.068768 0.040956
0 0.299427 0.296928 0.060172 0.047782
0 0.318052 0.445392 0.057307 0.078498
0 0.396848 0.402730 0.048711 0.068259
0 0.418338 0.445392 0.068768 0.037543
0 0.501433 0.356655 0.063037 0.078498
0 0.640401 0.249147 0.042980 0.061433
0 0.684814 0.276451 0.051576 0.054608
0 0.919771 0.225256 0.045845 0.061433
0 0.866762 0.138225 0.037249 0.071672
0 0.799427 0.039249 0.051576 0.071672
0 0.769341 0.303754 0.048711 0.068259
0 0.720630 0.365188 0.077364 0.081911
0 0.626074 0.525597 0.065903 0.081911
0 0.865330 0.547782 0.057307 0.071672
0 0.974212 0.349829 0.051576 0.058020
0 0.868195 0.486348 0.051576 0.037543
0 0.683381 0.600683 0.048711 0.068259
0 0.729226 0.595563 0.037249 0.071672
0 0.693410 0.737201 0.074499 0.061433
0 0.808023 0.776451 0.045845 0.064846
0 0.667622 0.848123 0.057307 0.064846
0 0.607450 0.851536 0.045845 0.078498
0 0.230659 0.537543 0.065903 0.071672
0 0.209169 0.704778 0.045845 0.064846
0 0.310888 0.680887 0.054441 0.051195
0 0.133238 0.617747 0.054441 0.061433
0 0.148997 0.679181 0.045845 0.061433
0 0.097421 0.699659 0.051576 0.061433
0 0.389685 0.779863 0.040115 0.071672
0 0.386819 0.846416 0.063037 0.040956
0 0.504298 0.916382 0.057307 0.051195
0 0.604585 0.924915 0.034384 0.054608
0 0.925501 0.918089 0.051576 0.061433
0 0.979943 0.878840 0.040115 0.051195
0 0.810888 0.880546 0.063037 0.040956
0 0.799427 0.936860 0.051576 0.051195
0 0.395415 0.293515 0.040115 0.054608
0 0.438395 0.312287 0.057307 0.051195
0 0.578797 0.112628 0.045845 0.068259
0 0.527221 0.090444 0.068768 0.051195
0 0.485673 0.040956 0.054441 0.034130
0 0.497135 0.267918 0.071633 0.037543
0 0.134670 0.807167 0.045845 0.085324
