0 0.491883 0.054839 0.087662 0.083871
0 0.615260 0.216129 0.120130 0.064516
0 0.836039 0.143548 0.094156 0.080645
0 0.842532 0.309677 0.087662 0.064516
0 0.759740 0.285484 0.064935 0.054839
0 0.566558 0.317742 0.081169 0.067742
0 0.790584 0.414516 0.061688 0.093548
0 0.839286 0.466129 0.081169 0.054839
0 0.693182 0.446774 0.081169 0.054839
0 0.095779 0.130645 0.087662 0.035484
0 0.202922 0.058065 0.074675 0.077419
0 0.191558 0.240323 0.097403 0.087097
0 0.262987 0.241935 0.058442 0.077419
0 0.051948 0.308065 0.064935 0.061290
0 0.339286 0.374194 0.068182 0.064516
0 0.865260 0.588710 0.081169 0.093548
0 0.886364 0.680645 0.071429 0.058065
0 0.550325 0.614516 0.068182 0.067742
0 0.232143 0.564516 0.048701 0.083871
0 0.482143 0.412903 0.055195 0.096774
0 0.925325 0.075806 0.077922 0.048387
0 0.824675 0.714516 0.071429 0.080645
0 0.762987 0.724194 0.090909 0.041935
0 0.634740 0.908065 0.094156 0.067742
0 0.853896 0.841935 0.077922 0.045161
0 0.858766 0.883871 0.055195 0.051613
0 0.917208 0.885484 0.074675 0.061290
0 0.884740 0.932258 0.074675 0.045161
0 0.267857 0.887097 0.055195 0.058065
0 0.076299 0.809677 0.055195 0.064516
0 0.550325 0.870968 0.055195 0.070968
0 0.334416 0.882258 0.071429 0.041935
0 0.439935 0.235484 0.035714 0.109677
