0 0.239645 0.424863 0.047337 0.062842
0 0.366864 0.366120 0.059172 0.060109
0 0.421598 0.304645 0.062130 0.040984
0 0.471893 0.330601 0.056213 0.043716
0 0.463018 0.221311 0.062130 0.032787
0 0.486686 0.241803 0.079882 0.024590
0 0.519231 0.188525 0.085799 0.065574
0 0.618343 0.155738 0.059172 0.065574
0 0.571006 0.263661 0.059172 0.062842
0 0.606509 0.274590 0.053254 0.084699
0 0.699704 0.237705 0.068047 0.065574
0 0.770710 0.217213 0.062130 0.079235
0 0.849112 0.262295 0.047337 0.065574
0 0.779586 0.327869 0.050296 0.065574
0 0.800296 0.311475 0.056213 0.054645
0 0.732249 0.053279 0.062130 0.051913
0 0.810651 0.135246 0.076923 0.035519
0 0.784024 0.081967 0.059172 0.054645
0 0.559172 0.057377 0.076923 0.043716
0 0.392012 0.183060 0.073964 0.071038
0 0.426036 0.112022 0.053254 0.065574
0 0.473373 0.122951 0.071006 0.060109
0 0.310651 0.117486 0.035503 0.065574
0 0.261834 0.122951 0.044379 0.049180
0 0.183432 0.079235 0.071006 0.065574
0 0.082840 0.136612 0.065089 0.054645
0 0.053254 0.163934 0.065089 0.060109
0 0.150888 0.270492 0.071006 0.043716
0 0.159763 0.333333 0.053254 0.071038
0 0.066568 0.277322 0.073964 0.079235
0 0.047337 0.431694 0.088757 0.076503
0 0.347633 0.497268 0.068047 0.076503
0 0.242604 0.547814 0.059172 0.068306
0 0.281065 0.566940 0.059172 0.046448
0 0.174556 0.564208 0.071006 0.057377
0 0.205621 0.612022 0.073964 0.076503
0 0.075444 0.579235 0.073964 0.049180
0 0.099112 0.621585 0.068047 0.057377
0 0.048817 0.785519 0.073964 0.068306
0 0.093195 0.845628 0.073964 0.068306
0 0.193787 0.844262 0.091716 0.071038
0 0.338757 0.699454 0.056213 0.076503
0 0.485207 0.692623 0.059172 0.040984
0 0.449704 0.756831 0.065089 0.076503
0 0.676036 0.568306 0.068047 0.071038
0 0.738166 0.475410 0.050296 0.060109
0 0.676036 0.403005 0.073964 0.068306
0 0.643491 0.453552 0.068047 0.054645
0 0.573964 0.489071 0.082840 0.071038
0 0.531065 0.556011 0.056213 0.084699
0 0.618343 0.584699 0.065089 0.049180
0 0.857988 0.076503 0.065089 0.065574
0 0.174556 0.957650 0.053254 0.035519
0 0.566568 0.784153 0.068047 0.098361
0 0.646450 0.726776 0.062130 0.065574
0 0.659763 0.760929 0.059172 0.062842
0 0.715976 0.750000 0.059172 0.062842
0 0.779586 0.594262 0.091716 0.062842
0 0.713018 0.823770 0.065089 0.079235
0 0.884615 0.846995 0.082840 0.038251
0 0.788462 0.879781 0.050296 0.071038
0 0.841716 0.916667 0.085799 0.068306
0 0.807692 0.964481 0.082840 0.054645
0 0.542899 0.948087 0.050296 0.081967
0 0.508876 0.822404 0.071006 0.049180
0 0.321006 0.956284 0.056213 0.054645
0 0.615385 0.982240 0.082840 0.035519
