0 0.125378 0.241590 0.045317 0.067278
0 0.138973 0.276758 0.054381 0.033639
0 0.220544 0.330275 0.054381 0.042813
0 0.279456 0.316514 0.057402 0.045872
0 0.345921 0.253823 0.075529 0.042813
0 0.421450 0.290520 0.051360 0.067278
0 0.299094 0.371560 0.072508 0.045872
0 0.367069 0.403670 0.087613 0.061162
0 0.194864 0.131498 0.051360 0.073394
0 0.240181 0.142202 0.057402 0.058104
0 0.510574 0.125382 0.072508 0.055046
0 0.471299 0.082569 0.060423 0.067278
0 0.407855 0.093272 0.054381 0.070336
0 0.424471 0.136086 0.063444 0.051988
0 0.774924 0.044343 0.075529 0.058104
0 0.737160 0.146789 0.066465 0.067278
0 0.811178 0.238532 0.051360 0.091743
0 0.913897 0.212538 0.045317 0.082569
0 0.861027 0.256881 0.060423 0.042813
0 0.867069 0.295107 0.078550 0.051988
0 0.744713 0.399083 0.057402 0.070336
0 0.809668 0.363914 0.048338 0.067278
0 0.726586 0.316514 0.051360 0.076453
0 0.826284 0.470948 0.075529 0.079511
0 0.632931 0.429664 0.069486 0.088685
0 0.590634 0.525994 0.081571 0.097859
0 0.518127 0.438838 0.039275 0.064220
0 0.487915 0.360856 0.057402 0.061162
0 0.518127 0.305810 0.045317 0.085627
0 0.569486 0.296636 0.033233 0.061162
0 0.598187 0.301223 0.048338 0.058104
0 0.640483 0.310398 0.048338 0.064220
0 0.045317 0.330275 0.060423 0.048930
0 0.087613 0.321101 0.042296 0.036697
0 0.081571 0.440367 0.030211 0.055046
0 0.057402 0.463303 0.048338 0.064220
0 0.143505 0.492355 0.045317 0.073394
0 0.196375 0.594801 0.054381 0.070336
0 0.243202 0.619266 0.039275 0.064220
0 0.261329 0.654434 0.069486 0.061162
0 0.285498 0.709480 0.093656 0.067278
0 0.172205 0.813456 0.060423 0.085627
0 0.436556 0.695719 0.117825 0.082569
0 0.498489 0.660550 0.072508 0.055046
0 0.447130 0.500000 0.042296 0.070336
0 0.457704 0.414373 0.051360 0.076453
0 0.483384 0.565749 0.060423 0.036697
0 0.690332 0.619266 0.051360 0.076453
0 0.666163 0.555046 0.057402 0.064220
0 0.771903 0.735474 0.087613 0.064220
0 0.947130 0.781346 0.075529 0.051988
0 0.942598 0.853211 0.042296 0.079511
0 0.977341 0.848624 0.045317 0.076453
0 0.829305 0.840979 0.069486 0.048930
0 0.885196 0.833333 0.048338 0.058104
0 0.874622 0.873089 0.045317 0.058104
0 0.793051 0.931193 0.093656 0.082569
0 0.368580 0.787462 0.078550 0.058104
0 0.415408 0.876147 0.075529 0.082569
0 0.439577 0.952599 0.075529 0.051988
0 0.678248 0.960245 0.075529 0.079511
0 0.191843 0.931193 0.069486 0.051988
0 0.277946 0.967890 0.048338 0.064220
0 0.214502 0.980122 0.054381 0.039755
0 0.865559 0.129969 0.087613 0.058104
0 0.232628 0.059633 0.090634 0.058104
