0 0.104235 0.073529 0.065147 0.035294
0 0.081433 0.157353 0.058632 0.067647
0 0.143322 0.117647 0.065147 0.064706
0 0.206840 0.126471 0.042345 0.076471
0 0.262215 0.172059 0.074919 0.050000
0 0.257329 0.069118 0.052117 0.055882
0 0.276873 0.107353 0.071661 0.050000
0 0.513029 0.066176 0.055375 0.061765
0 0.574919 0.101471 0.068404 0.044118
0 0.693811 0.192647 0.058632 0.097059
0 0.791531 0.148529 0.058632 0.061765
0 0.798046 0.082353 0.071661 0.047059
0 0.828990 0.032353 0.068404 0.052941
0 0.933225 0.438235 0.061889 0.070588
0 0.824104 0.563235 0.078176 0.038235
0 0.866450 0.525000 0.078176 0.050000
0 0.776873 0.450000 0.074919 0.052941
0 0.597720 0.457353 0.055375 0.061765
0 0.576547 0.510294 0.065147 0.061765
0 0.517915 0.741176 0.065147 0.070588
0 0.486971 0.570588 0.061889 0.076471
0 0.903909 0.679412 0.048860 0.052941
0 0.687296 0.700000 0.084691 0.052941
0 0.942997 0.911765 0.074919 0.052941
0 0.671010 0.930882 0.071661 0.055882
0 0.462541 0.905882 0.091205 0.064706
0 0.320847 0.683824 0.048860 0.073529
0 0.364821 0.508824 0.078176 0.052941
0 0.416938 0.417647 0.078176 0.047059
0 0.488599 0.322059 0.052117 0.067647
0 0.548860 0.323529 0.074919 0.064706
0 0.122150 0.348529 0.081433 0.050000
0 0.104235 0.305882 0.104235 0.047059
0 0.110749 0.502941 0.071661 0.082353
0 0.263844 0.469118 0.058632 0.079412
0 0.128664 0.650000 0.061889 0.082353
0 0.171010 0.735294 0.087948 0.047059
0 0.239414 0.585294 0.074919 0.052941
0 0.267101 0.627941 0.052117 0.061765
0 0.231270 0.825000 0.071661 0.079412
0 0.127036 0.894118 0.065147 0.047059
0 0.254072 0.939706 0.091205 0.038235
