0 0.191964 0.202922 0.074405 0.061688
0 0.504464 0.170455 0.092262 0.068182
0 0.619048 0.240260 0.047619 0.064935
0 0.604167 0.316558 0.059524 0.068182
0 0.775298 0.311688 0.068452 0.064935
0 0.867560 0.371753 0.074405 0.094156
0 0.879464 0.525974 0.056548 0.097403
0 0.921131 0.277597 0.068452 0.074675
0 0.767857 0.573052 0.041667 0.061688
0 0.851190 0.724026 0.047619 0.077922
0 0.717262 0.808442 0.065476 0.071429
0 0.473214 0.665584 0.053571 0.084416
0 0.544643 0.449675 0.071429 0.068182
0 0.660714 0.478896 0.077381 0.061688
0 0.449405 0.418831 0.065476 0.058442
0 0.388393 0.532468 0.044643 0.084416
0 0.578869 0.694805 0.080357 0.051948
0 0.590774 0.741883 0.074405 0.061688
0 0.623512 0.837662 0.050595 0.071429
0 0.751488 0.894481 0.086310 0.074675
0 0.552083 0.899351 0.056548 0.058442
0 0.516369 0.951299 0.074405 0.051948
0 0.599702 0.974026 0.068452 0.045455
0 0.702381 0.959416 0.077381 0.055195
0 0.208333 0.600649 0.065476 0.071429
0 0.171131 0.480519 0.086310 0.064935
0 0.037202 0.337662 0.068452 0.064935
0 0.025298 0.431818 0.044643 0.077922
0 0.110119 0.061688 0.065476 0.064935
0 0.059524 0.087662 0.071429 0.045455
0 0.034226 0.215909 0.062500 0.081169
0 0.093750 0.868506 0.068452 0.061688
0 0.398810 0.852273 0.047619 0.055195
0 0.488095 0.865260 0.077381 0.061688
0 0.046131 0.905844 0.074405 0.077922
