0 0.695584 0.372807 0.066246 0.049708
0 0.671924 0.323099 0.050473 0.049708
0 0.638801 0.434211 0.059937 0.055556
0 0.572555 0.466374 0.053628 0.073099
0 0.720820 0.451754 0.053628 0.061404
0 0.817035 0.429825 0.063091 0.064327
0 0.919558 0.250000 0.072555 0.061404
0 0.875394 0.336257 0.072555 0.058480
0 0.810726 0.378655 0.075710 0.038012
0 0.955836 0.391813 0.044164 0.070175
0 0.914826 0.169591 0.075710 0.052632
0 0.858044 0.203216 0.063091 0.043860
0 0.834385 0.103801 0.072555 0.038012
0 0.917981 0.122807 0.056782 0.058480
0 0.600946 0.295322 0.066246 0.046784
0 0.645110 0.279240 0.034700 0.049708
0 0.572555 0.226608 0.059937 0.061404
0 0.528391 0.309942 0.053628 0.052632
0 0.700315 0.172515 0.050473 0.064327
0 0.753943 0.133041 0.056782 0.055556
0 0.638801 0.125731 0.047319 0.052632
0 0.471609 0.201754 0.059937 0.040936
0 0.498423 0.166667 0.044164 0.052632
0 0.517350 0.203216 0.056782 0.043860
0 0.529968 0.131579 0.050473 0.052632
0 0.406940 0.138889 0.069401 0.038012
0 0.444795 0.144737 0.037855 0.043860
0 0.386435 0.176901 0.041009 0.055556
0 0.315457 0.185673 0.050473 0.061404
0 0.343849 0.160819 0.056782 0.046784
0 0.214511 0.115497 0.069401 0.049708
0 0.156151 0.258772 0.066246 0.038012
0 0.116719 0.209064 0.056782 0.043860
0 0.367508 0.415205 0.072555 0.046784
0 0.384858 0.486842 0.063091 0.084795
0 0.470032 0.567251 0.069401 0.070175
0 0.668770 0.621345 0.075710 0.043860
0 0.910095 0.551170 0.072555 0.049708
0 0.895899 0.657895 0.056782 0.058480
0 0.954259 0.628655 0.091483 0.052632
0 0.848580 0.799708 0.069401 0.049708
0 0.776025 0.774854 0.069401 0.087719
0 0.749211 0.808480 0.053628 0.073099
0 0.676656 0.763158 0.072555 0.087719
0 0.604101 0.771930 0.053628 0.058480
0 0.471609 0.697368 0.072555 0.067251
0 0.416404 0.795322 0.088328 0.058480
0 0.332808 0.695906 0.066246 0.046784
0 0.564669 0.694444 0.056782 0.073099
0 0.567823 0.628655 0.075710 0.052632
0 0.678233 0.559942 0.063091 0.096491
0 0.626183 0.564327 0.066246 0.087719
0 0.730284 0.928363 0.072555 0.090643
0 0.839117 0.891813 0.050473 0.070175
0 0.922713 0.868421 0.078864 0.087719
0 0.859621 0.970760 0.072555 0.058480
0 0.796530 0.966374 0.072555 0.067251
0 0.501577 0.960526 0.082019 0.067251
0 0.227129 0.888889 0.082019 0.058480
0 0.332808 0.915205 0.066246 0.064327
0 0.258675 0.657895 0.063091 0.076023
0 0.287066 0.536550 0.063091 0.067251
0 0.154574 0.317251 0.069401 0.032164
0 0.146688 0.390351 0.072555 0.055556
0 0.214511 0.520468 0.088328 0.081871
0 0.294953 0.466374 0.085174 0.061404
0 0.200315 0.767544 0.053628 0.084795
0 0.209779 0.656433 0.059937 0.049708
0 0.334385 0.327485 0.050473 0.070175
0 0.283912 0.295322 0.069401 0.087719
0 0.107256 0.906433 0.056782 0.064327
0 0.064669 0.948830 0.059937 0.067251
