0 0.089337 0.089527 0.069164 0.070946
0 0.157061 0.089527 0.043228 0.077703
0 0.210375 0.103041 0.046110 0.077703
0 0.253602 0.146959 0.028818 0.077703
0 0.306916 0.146959 0.066282 0.077703
0 0.296830 0.077703 0.051873 0.060811
0 0.394813 0.217905 0.074928 0.077703
0 0.327089 0.295608 0.066282 0.091216
0 0.491354 0.163851 0.048991 0.077703
0 0.530259 0.158784 0.051873 0.067568
0 0.507205 0.104730 0.057637 0.054054
0 0.031700 0.140203 0.057637 0.064189
0 0.096542 0.231419 0.083573 0.070946
0 0.142651 0.287162 0.054755 0.060811
0 0.600865 0.368243 0.066282 0.087838
0 0.566282 0.266892 0.048991 0.074324
0 0.876081 0.163851 0.057637 0.037162
0 0.850144 0.185811 0.034582 0.087838
0 0.815562 0.155405 0.051873 0.060811
0 0.479827 0.425676 0.060519 0.128378
0 0.412104 0.444257 0.092219 0.077703
0 0.422190 0.562500 0.054755 0.104730
0 0.134006 0.555743 0.048991 0.084459
0 0.171470 0.554054 0.054755 0.060811
0 0.185879 0.625000 0.060519 0.081081
0 0.174352 0.692568 0.043228 0.074324
0 0.283862 0.662162 0.083573 0.060811
0 0.096542 0.706081 0.043228 0.081081
0 0.135447 0.706081 0.057637 0.074324
0 0.178674 0.780405 0.040346 0.060811
0 0.227666 0.788851 0.057637 0.104730
0 0.286744 0.788851 0.060519 0.111486
0 0.252161 0.934122 0.089337 0.070946
0 0.060519 0.748311 0.057637 0.070946
0 0.430836 0.756757 0.072046 0.101351
0 0.818444 0.577703 0.069164 0.074324
0 0.822767 0.658784 0.077810 0.074324
0 0.726225 0.785473 0.103746 0.077703
0 0.785303 0.915541 0.066282 0.054054
0 0.574928 0.908784 0.037464 0.087838
0 0.502882 0.913851 0.072046 0.077703
0 0.775216 0.407095 0.051873 0.077703
0 0.822767 0.391892 0.043228 0.040541
0 0.672911 0.445946 0.060519 0.081081
0 0.573487 0.469595 0.057637 0.081081
0 0.474063 0.532095 0.054755 0.077703
0 0.288184 0.454392 0.057637 0.084459
0 0.634006 0.072635 0.057637 0.050676
0 0.688761 0.064189 0.051873 0.033784
0 0.697406 0.094595 0.063401 0.033784
0 0.792507 0.086149 0.057637 0.064189
0 0.871758 0.716216 0.066282 0.081081
0 0.886167 0.969595 0.054755 0.060811
0 0.485591 0.969595 0.054755 0.060811
