0 0.418639 0.201429 0.044379 0.065714
0 0.369822 0.195714 0.053254 0.048571
0 0.593195 0.248571 0.079882 0.057143
0 0.643491 0.341429 0.068047 0.071429
0 0.696746 0.330000 0.056213 0.071429
0 0.933432 0.222857 0.068047 0.091429
0 0.797337 0.348571 0.103550 0.057143
0 0.760355 0.384286 0.041420 0.054286
0 0.723373 0.385714 0.050296 0.080000
0 0.761834 0.518571 0.068047 0.054286
0 0.535503 0.428571 0.071006 0.057143
0 0.289941 0.331429 0.071006 0.057143
0 0.377219 0.267143 0.115385 0.065714
0 0.115385 0.432857 0.071006 0.094286
0 0.267751 0.432857 0.073964 0.071429
0 0.289941 0.380000 0.071006 0.057143
0 0.615385 0.165714 0.053254 0.080000
0 0.785503 0.071429 0.050296 0.080000
0 0.831361 0.082857 0.065089 0.068571
0 0.745562 0.110000 0.035503 0.071429
0 0.710059 0.044286 0.082840 0.065714
0 0.573964 0.122857 0.071006 0.085714
0 0.489645 0.072857 0.068047 0.077143
0 0.399408 0.077143 0.076923 0.080000
0 0.346154 0.100000 0.065089 0.074286
0 0.304734 0.104286 0.065089 0.077143
0 0.338757 0.027143 0.085799 0.037143
0 0.082840 0.057143 0.076923 0.068571
0 0.134615 0.071429 0.056213 0.051429
0 0.170118 0.138571 0.068047 0.048571
0 0.245562 0.148571 0.059172 0.074286
0 0.171598 0.210000 0.047337 0.060000
0 0.041420 0.192857 0.065089 0.065714
0 0.295858 0.627143 0.076923 0.060000
0 0.328402 0.691429 0.106509 0.057143
0 0.396450 0.692857 0.047337 0.065714
0 0.522189 0.718571 0.062130 0.054286
0 0.680473 0.660000 0.071006 0.051429
0 0.693787 0.702857 0.050296 0.062857
0 0.646450 0.707143 0.062130 0.065714
0 0.924556 0.585714 0.068047 0.085714
0 0.970414 0.592857 0.047337 0.071429
0 0.958580 0.680000 0.053254 0.068571
0 0.840237 0.777143 0.041420 0.057143
0 0.846154 0.801429 0.082840 0.031429
0 0.568047 0.812857 0.053254 0.065714
0 0.534024 0.847143 0.079882 0.054286
0 0.457101 0.830000 0.056213 0.077143
0 0.400888 0.780000 0.068047 0.091429
0 0.291420 0.794286 0.044379 0.068571
0 0.156805 0.730000 0.065089 0.065714
0 0.142012 0.768571 0.071006 0.040000
0 0.076923 0.704286 0.071006 0.060000
0 0.031065 0.772857 0.056213 0.065714
0 0.065089 0.771429 0.047337 0.068571
0 0.072485 0.867143 0.050296 0.065714
0 0.137574 0.857143 0.056213 0.068571
0 0.235207 0.812857 0.050296 0.065714
0 0.264793 0.851429 0.056213 0.051429
0 0.205621 0.867143 0.062130 0.054286
0 0.393491 0.874286 0.053254 0.080000
0 0.281065 0.905714 0.035503 0.080000
0 0.815089 0.858571 0.068047 0.071429
0 0.631657 0.887143 0.050296 0.071429
0 0.751479 0.925714 0.047337 0.068571
0 0.791420 0.970000 0.062130 0.037143
0 0.860947 0.890000 0.053254 0.071429
0 0.933432 0.945714 0.050296 0.074286
0 0.463018 0.924286 0.068047 0.060000
