0 0.278464 0.157615 0.079561 0.072228
0 0.201303 0.251960 0.095336 0.043673
0 0.284979 0.236842 0.113169 0.071669
0 0.250343 0.424132 0.082305 0.033035
0 0.150892 0.676932 0.113855 0.070549
0 0.379973 0.613102 0.069959 0.041433
0 0.448560 0.573628 0.097394 0.074468
0 0.622085 0.480683 0.076818 0.055431
0 0.629630 0.407615 0.086420 0.082867
0 0.540123 0.354983 0.065158 0.054871
0 0.709877 0.325588 0.053498 0.064390
0 0.770576 0.311030 0.040466 0.064390
0 0.818930 0.227324 0.063100 0.041433
0 0.891975 0.176372 0.065158 0.051512
0 0.643004 0.124300 0.062414 0.068309
0 0.538752 0.072508 0.056927 0.066629
0 0.507202 0.264838 0.095336 0.040314
0 0.559328 0.223404 0.072016 0.069429
0 0.345679 0.686730 0.069959 0.063270
0 0.040809 0.702128 0.044582 0.072788
0 0.748971 0.646976 0.083676 0.064390
0 0.693759 0.724804 0.050069 0.068869
0 0.799726 0.835666 0.080933 0.093505
0 0.694102 0.792273 0.069959 0.060470
0 0.421811 0.802632 0.085048 0.091265
