0 0.371302 0.497214 0.062130 0.064067
0 0.430473 0.406685 0.062130 0.066852
0 0.500000 0.384401 0.053254 0.044568
0 0.556213 0.424791 0.076923 0.064067
0 0.470414 0.477716 0.082840 0.075209
0 0.791420 0.448468 0.068047 0.111421
0 0.869822 0.455432 0.071006 0.108635
0 0.892012 0.545961 0.062130 0.094708
0 0.943787 0.568245 0.053254 0.066852
0 0.826923 0.603064 0.044379 0.080780
0 0.852071 0.644847 0.106509 0.058496
0 0.915680 0.636490 0.068047 0.069638
0 0.860947 0.740947 0.112426 0.061281
0 0.908284 0.793872 0.059172 0.050139
0 0.878698 0.845404 0.041420 0.069638
0 0.778107 0.810585 0.071006 0.061281
0 0.695266 0.821727 0.071006 0.066852
0 0.646450 0.848189 0.079882 0.064067
0 0.631657 0.885794 0.073964 0.072423
0 0.582840 0.676880 0.065089 0.072423
0 0.526627 0.605850 0.076923 0.064067
0 0.510355 0.547354 0.097633 0.086351
0 0.713018 0.394150 0.053254 0.047354
0 0.844675 0.247911 0.073964 0.055710
0 0.871302 0.296657 0.068047 0.047354
0 0.695266 0.176880 0.065089 0.058496
0 0.644970 0.227019 0.053254 0.047354
0 0.653846 0.268802 0.065089 0.052925
0 0.449704 0.142061 0.071006 0.066852
0 0.582840 0.112813 0.082840 0.052925
0 0.630178 0.073816 0.100592 0.080780
0 0.431953 0.245125 0.047337 0.077994
0 0.384615 0.268802 0.071006 0.047354
0 0.309172 0.289694 0.097633 0.072423
0 0.282544 0.370474 0.056213 0.072423
0 0.211538 0.370474 0.056213 0.061281
0 0.112426 0.310585 0.082840 0.069638
0 0.091716 0.193593 0.071006 0.058496
0 0.066568 0.406685 0.056213 0.066852
0 0.072485 0.502786 0.068047 0.052925
0 0.041420 0.552925 0.076923 0.052925
0 0.254438 0.600279 0.065089 0.069638
0 0.394970 0.628134 0.056213 0.064067
0 0.457101 0.653203 0.062130 0.052925
0 0.304734 0.622563 0.047337 0.091922
0 0.344675 0.640669 0.038462 0.083565
0 0.341716 0.806407 0.056213 0.080780
0 0.295858 0.817549 0.059172 0.080780
0 0.394970 0.725627 0.056213 0.047354
0 0.443787 0.728412 0.071006 0.080780
0 0.650888 0.753482 0.053254 0.064067
0 0.696746 0.888579 0.062130 0.044568
0 0.714497 0.915042 0.062130 0.052925
0 0.427515 0.877437 0.068047 0.066852
0 0.328402 0.917827 0.071006 0.058496
0 0.254438 0.916435 0.059172 0.111421
0 0.091716 0.910864 0.035503 0.072423
0 0.028107 0.903900 0.050296 0.075209
0 0.094675 0.757660 0.047337 0.083565
0 0.131657 0.803621 0.056213 0.069638
0 0.202663 0.731198 0.079882 0.069638
0 0.139053 0.077994 0.059172 0.050139
0 0.195266 0.065460 0.071006 0.069638
