0 0.281690 0.224286 0.039437 0.054286
0 0.390141 0.325714 0.053521 0.080000
0 0.454930 0.187143 0.053521 0.048571
0 0.401408 0.138571 0.053521 0.071429
0 0.607042 0.154286 0.047887 0.080000
0 0.594366 0.041429 0.061972 0.042857
0 0.690141 0.281429 0.090141 0.065714
0 0.750704 0.345714 0.059155 0.045714
0 0.736620 0.318571 0.047887 0.048571
0 0.829577 0.344286 0.076056 0.071429
0 0.835211 0.502857 0.070423 0.051429
0 0.957746 0.477143 0.067606 0.045714
0 0.856338 0.662857 0.050704 0.074286
0 0.597183 0.695714 0.033803 0.060000
0 0.416901 0.600000 0.073239 0.068571
0 0.491549 0.732857 0.081690 0.077143
0 0.350704 0.827143 0.070423 0.048571
0 0.242254 0.732857 0.067606 0.048571
0 0.123944 0.221429 0.056338 0.077143
0 0.223944 0.120000 0.059155 0.062857
0 0.300000 0.052857 0.047887 0.060000
0 0.246479 0.032857 0.064789 0.042857
0 0.600000 0.897143 0.045070 0.068571
0 0.646479 0.914286 0.059155 0.040000
0 0.728169 0.950000 0.070423 0.048571
0 0.788732 0.955714 0.056338 0.048571
0 0.912676 0.785714 0.056338 0.051429
0 0.301408 0.935714 0.073239 0.065714
0 0.501408 0.912857 0.084507 0.065714
0 0.214085 0.784286 0.045070 0.065714
0 0.091549 0.692857 0.076056 0.037143
0 0.046479 0.492857 0.047887 0.042857
0 0.038028 0.454286 0.064789 0.040000
0 0.098592 0.288571 0.045070 0.062857
0 0.052113 0.581429 0.059155 0.077143
0 0.167606 0.810000 0.064789 0.065714
0 0.169014 0.651429 0.078873 0.068571
