0 0.243553 0.173669 0.057307 0.067227
0 0.633238 0.280112 0.063037 0.056022
0 0.667622 0.224090 0.057307 0.050420
0 0.770774 0.310924 0.057307 0.072829
0 0.648997 0.163866 0.054441 0.064426
0 0.620344 0.074230 0.077364 0.053221
0 0.683381 0.063025 0.054441 0.053221
0 0.395415 0.357143 0.063037 0.064426
0 0.381089 0.441176 0.045845 0.064426
0 0.322350 0.547619 0.077364 0.064426
0 0.173352 0.533613 0.054441 0.070028
0 0.071633 0.668067 0.063037 0.042017
0 0.259312 0.739496 0.060172 0.067227
0 0.502865 0.665266 0.065903 0.036415
0 0.716332 0.561625 0.063037 0.058824
0 0.797994 0.501401 0.083095 0.095238
0 0.667622 0.485994 0.040115 0.064426
0 0.862464 0.378151 0.074499 0.072829
0 0.840974 0.298319 0.037249 0.075630
0 0.815186 0.151261 0.031519 0.072829
0 0.833811 0.103641 0.074499 0.067227
0 0.769341 0.050420 0.054441 0.061625
0 0.150430 0.093838 0.071633 0.053221
0 0.047278 0.082633 0.065903 0.036415
0 0.143266 0.282913 0.063037 0.044818
0 0.163324 0.316527 0.085960 0.033613
0 0.104585 0.354342 0.048711 0.058824
0 0.050143 0.322129 0.065903 0.061625
0 0.369628 0.935574 0.034384 0.056022
0 0.325215 0.691877 0.071633 0.050420
0 0.651862 0.686275 0.054441 0.056022
0 0.677650 0.659664 0.065903 0.058824
0 0.769341 0.733894 0.071633 0.056022
0 0.869628 0.728291 0.054441 0.067227
0 0.703438 0.886555 0.054441 0.047619
0 0.671920 0.913165 0.042980 0.050420
0 0.932665 0.833333 0.060172 0.053221
0 0.891117 0.939776 0.051576 0.064426
0 0.825215 0.886555 0.051576 0.042017
0 0.820917 0.826331 0.042980 0.061625
0 0.802292 0.976190 0.051576 0.047619
0 0.442693 0.883754 0.060172 0.098039
0 0.262178 0.934174 0.054441 0.103641
0 0.040115 0.837535 0.063037 0.078431
0 0.315186 0.953782 0.051576 0.053221
0 0.594556 0.801120 0.077364 0.072829
0 0.859599 0.207283 0.051576 0.072829
