0 0.436728 0.131173 0.095679 0.058642
0 0.558642 0.158951 0.055556 0.089506
0 0.643519 0.123457 0.070988 0.092593
0 0.881173 0.101852 0.083333 0.055556
0 0.714506 0.026235 0.077160 0.040123
0 0.641975 0.021605 0.074074 0.037037
0 0.895062 0.174383 0.043210 0.077160
0 0.756173 0.231481 0.086420 0.092593
0 0.669753 0.280864 0.074074 0.067901
0 0.617284 0.341049 0.074074 0.058642
0 0.671296 0.391975 0.058642 0.080247
0 0.910494 0.354938 0.092593 0.080247
0 0.745370 0.493827 0.058642 0.061728
0 0.697531 0.584877 0.055556 0.083333
0 0.827160 0.554012 0.067901 0.052469
0 0.890432 0.620370 0.058642 0.074074
0 0.875000 0.677469 0.058642 0.083333
0 0.615741 0.733025 0.077160 0.040123
0 0.620370 0.770062 0.061728 0.052469
0 0.597222 0.481481 0.077160 0.055556
0 0.510802 0.195988 0.046296 0.089506
0 0.429012 0.243827 0.086420 0.049383
0 0.094136 0.152778 0.070988 0.040123
0 0.101852 0.203704 0.067901 0.061728
0 0.182099 0.371914 0.067901 0.052469
0 0.257716 0.375000 0.070988 0.070988
0 0.120370 0.433642 0.074074 0.064815
0 0.168210 0.516975 0.058642 0.064815
0 0.381173 0.489198 0.083333 0.070988
0 0.436728 0.408951 0.058642 0.101852
0 0.256173 0.550926 0.049383 0.070988
0 0.393519 0.679012 0.046296 0.067901
0 0.449074 0.601852 0.070988 0.049383
0 0.550926 0.810185 0.046296 0.064815
0 0.702160 0.885802 0.058642 0.061728
0 0.760802 0.898148 0.070988 0.061728
0 0.498457 0.884259 0.046296 0.089506
0 0.837963 0.736111 0.058642 0.070988
0 0.270062 0.717593 0.064815 0.046296
0 0.333333 0.683642 0.080247 0.058642
0 0.141975 0.651235 0.074074 0.055556
0 0.108025 0.555556 0.080247 0.080247
0 0.361111 0.783951 0.043210 0.074074
0 0.422840 0.737654 0.061728 0.055556
0 0.412037 0.873457 0.077160 0.067901
0 0.206790 0.776235 0.074074 0.052469
0 0.145062 0.751543 0.061728 0.070988
0 0.075617 0.794753 0.052469 0.058642
0 0.112654 0.907407 0.040123 0.074074
0 0.145062 0.887346 0.061728 0.070988
0 0.242284 0.912037 0.070988 0.058642
0 0.628086 0.864198 0.070988 0.117284
