0 0.067867 0.137705 0.058172 0.085246
0 0.103878 0.145902 0.047091 0.075410
0 0.080332 0.255738 0.077562 0.078689
0 0.246537 0.222951 0.083102 0.059016
0 0.264543 0.183607 0.058172 0.045902
0 0.282548 0.131148 0.072022 0.059016
0 0.331025 0.083607 0.085873 0.062295
0 0.364266 0.162295 0.063712 0.075410
0 0.331025 0.250820 0.063712 0.068852
0 0.498615 0.232787 0.072022 0.091803
0 0.716066 0.260656 0.074792 0.088525
0 0.804709 0.298361 0.063712 0.052459
0 0.843490 0.186885 0.063712 0.078689
0 0.793629 0.050820 0.063712 0.075410
0 0.445983 0.045902 0.055402 0.072131
0 0.668975 0.231148 0.030471 0.068852
0 0.500000 0.401639 0.047091 0.081967
0 0.631579 0.434426 0.044321 0.075410
0 0.698061 0.408197 0.060942 0.081967
0 0.749307 0.400000 0.041551 0.091803
0 0.771468 0.468852 0.074792 0.072131
0 0.883657 0.432787 0.055402 0.078689
0 0.925208 0.537705 0.094183 0.072131
0 0.619114 0.532787 0.069252 0.062295
0 0.590028 0.473770 0.099723 0.088525
0 0.407202 0.545902 0.055402 0.075410
0 0.372576 0.565574 0.080332 0.068852
0 0.247922 0.493443 0.052632 0.101639
0 0.200831 0.568852 0.058172 0.042623
0 0.156510 0.740984 0.047091 0.078689
0 0.096953 0.731148 0.077562 0.059016
0 0.281163 0.834426 0.058172 0.081967
0 0.470914 0.672131 0.072022 0.078689
0 0.445983 0.708197 0.066482 0.072131
0 0.594183 0.663934 0.085873 0.068852
0 0.628809 0.713115 0.055402 0.062295
0 0.790859 0.696721 0.091413 0.075410
0 0.753463 0.778689 0.066482 0.062295
0 0.825485 0.786885 0.055402 0.045902
0 0.673130 0.831148 0.033241 0.075410
0 0.817175 0.914754 0.060942 0.098361
0 0.721607 0.886885 0.069252 0.062295
0 0.675900 0.896721 0.055402 0.055738
0 0.634349 0.888525 0.044321 0.045902
0 0.182825 0.857377 0.055402 0.068852
0 0.056787 0.842623 0.063712 0.059016
0 0.231302 0.921311 0.058172 0.052459
0 0.398892 0.942623 0.060942 0.068852
