0 0.558219 0.443548 0.082192 0.067742
0 0.623288 0.406452 0.068493 0.058065
0 0.714041 0.443548 0.078767 0.074194
0 0.695205 0.353226 0.068493 0.048387
0 0.809932 0.362903 0.071918 0.054839
0 0.849315 0.337097 0.061644 0.067742
0 0.890411 0.314516 0.047945 0.080645
0 0.946918 0.345161 0.058219 0.051613
0 0.976027 0.379032 0.041096 0.054839
0 0.941781 0.224194 0.047945 0.074194
0 0.876712 0.180645 0.054795 0.070968
0 0.945205 0.145161 0.075342 0.051613
0 0.950342 0.083871 0.051370 0.058065
0 0.765411 0.103226 0.071918 0.070968
0 0.707192 0.133871 0.058219 0.074194
0 0.751712 0.170968 0.071918 0.058065
0 0.818493 0.209677 0.047945 0.077419
0 0.840753 0.248387 0.071918 0.058065
0 0.784247 0.270968 0.075342 0.070968
0 0.672945 0.193548 0.071918 0.064516
0 0.592466 0.259677 0.068493 0.035484
0 0.650685 0.251613 0.027397 0.058065
0 0.672945 0.306452 0.058219 0.051613
0 0.717466 0.238710 0.071918 0.064516
0 0.616438 0.117742 0.061644 0.061290
0 0.654110 0.098387 0.054795 0.080645
0 0.565068 0.190323 0.068493 0.083871
0 0.573630 0.098387 0.051370 0.067742
0 0.522260 0.087097 0.071918 0.064516
0 0.486301 0.129032 0.068493 0.058065
0 0.464041 0.166129 0.071918 0.054839
0 0.506849 0.164516 0.054795 0.058065
0 0.493151 0.224194 0.095890 0.061290
0 0.520548 0.283871 0.061644 0.058065
0 0.441781 0.227419 0.068493 0.067742
0 0.294521 0.135484 0.061644 0.070968
0 0.385274 0.151613 0.065068 0.077419
0 0.200342 0.145161 0.078767 0.058065
0 0.126712 0.220968 0.102740 0.035484
0 0.085616 0.174194 0.054795 0.051613
0 0.027397 0.201613 0.047945 0.048387
0 0.212329 0.291935 0.061644 0.041935
0 0.258562 0.258065 0.058219 0.070968
0 0.303082 0.206452 0.065068 0.070968
0 0.318493 0.295161 0.102740 0.067742
0 0.827055 0.412903 0.099315 0.070968
0 0.921233 0.553226 0.095890 0.074194
0 0.960616 0.646774 0.078767 0.067742
0 0.898973 0.669355 0.058219 0.048387
0 0.835616 0.816129 0.095890 0.064516
0 0.768836 0.791935 0.071918 0.093548
0 0.729452 0.833871 0.082192 0.087097
0 0.821918 0.924194 0.054795 0.080645
0 0.922945 0.908065 0.113014 0.093548
0 0.659247 0.777419 0.078767 0.090323
0 0.573630 0.777419 0.065068 0.070968
0 0.698630 0.945161 0.082192 0.109677
0 0.364726 0.800000 0.078767 0.058065
0 0.429795 0.696774 0.106164 0.090323
0 0.441781 0.561290 0.102740 0.090323
0 0.513699 0.637097 0.075342 0.054839
0 0.638699 0.503226 0.065068 0.064516
0 0.618151 0.562903 0.065068 0.093548
0 0.654110 0.614516 0.089041 0.041935
0 0.672945 0.658065 0.065068 0.070968
0 0.275685 0.927419 0.085616 0.061290
0 0.171233 0.895161 0.082192 0.067742
0 0.135274 0.745161 0.051370 0.064516
0 0.287671 0.695161 0.089041 0.067742
0 0.212329 0.643548 0.061644 0.067742
0 0.150685 0.645161 0.061644 0.058065
0 0.349315 0.462903 0.075342 0.093548
0 0.349315 0.387097 0.109589 0.064516
0 0.244863 0.448387 0.099315 0.058065
0 0.248288 0.504839 0.078767 0.061290
0 0.176370 0.512903 0.071918 0.090323
0 0.101027 0.501613 0.078767 0.048387
0 0.068493 0.527419 0.054795 0.041935
0 0.104452 0.367742 0.058219 0.070968
0 0.119863 0.287097 0.095890 0.045161
0 0.160959 0.335484 0.061644 0.058065
0 0.089041 0.080645 0.075342 0.058065
