0 0.417187 0.228296 0.090625 0.096463
0 0.529687 0.172026 0.059375 0.093248
0 0.539062 0.110932 0.084375 0.061093
0 0.573438 0.157556 0.065625 0.057878
0 0.953125 0.197749 0.093750 0.093248
0 0.831250 0.300643 0.087500 0.067524
0 0.604688 0.265273 0.071875 0.093248
0 0.637500 0.368167 0.087500 0.118971
0 0.659375 0.446945 0.056250 0.070740
0 0.728125 0.442122 0.081250 0.106109
0 0.931250 0.427653 0.075000 0.083601
0 0.603125 0.456592 0.068750 0.070740
0 0.506250 0.424437 0.087500 0.141479
0 0.429688 0.421222 0.078125 0.096463
0 0.434375 0.540193 0.087500 0.096463
0 0.273438 0.631833 0.084375 0.080386
0 0.281250 0.755627 0.068750 0.102894
0 0.206250 0.747588 0.062500 0.093248
0 0.151562 0.662379 0.053125 0.077170
0 0.062500 0.670418 0.050000 0.061093
0 0.137500 0.545016 0.081250 0.086817
0 0.150000 0.596463 0.068750 0.073955
0 0.290625 0.434084 0.062500 0.083601
0 0.135937 0.281350 0.078125 0.054662
0 0.075000 0.221865 0.075000 0.077170
0 0.264062 0.157556 0.046875 0.064309
0 0.303125 0.135048 0.062500 0.077170
0 0.306250 0.081994 0.075000 0.080386
0 0.160938 0.093248 0.084375 0.083601
0 0.218750 0.114148 0.075000 0.093248
0 0.084375 0.096463 0.075000 0.083601
0 0.768750 0.762058 0.125000 0.070740
0 0.446875 0.731511 0.100000 0.112540
0 0.337500 0.927653 0.062500 0.080386
0 0.485938 0.932476 0.071875 0.077170
0 0.518750 0.882637 0.062500 0.073955
0 0.835938 0.901929 0.071875 0.041801
0 0.882812 0.657556 0.071875 0.073955
0 0.867188 0.567524 0.103125 0.080386
0 0.221875 0.898714 0.125000 0.080386
