0 0.660377 0.338753 0.062893 0.059621
0 0.534591 0.410569 0.056604 0.056911
0 0.778302 0.505420 0.072327 0.078591
0 0.372642 0.256098 0.116352 0.062331
0 0.289308 0.359079 0.069182 0.056911
0 0.253145 0.406504 0.066038 0.075881
0 0.088050 0.399729 0.069182 0.078591
0 0.308176 0.094851 0.056604 0.059621
0 0.726415 0.062331 0.069182 0.097561
0 0.600629 0.227642 0.081761 0.075881
0 0.511006 0.071816 0.066038 0.062331
0 0.822327 0.353659 0.097484 0.051491
0 0.742138 0.414634 0.056604 0.065041
0 0.492138 0.693767 0.084906 0.075881
0 0.418239 0.078591 0.056604 0.081301
0 0.819182 0.089431 0.053459 0.070461
0 0.878931 0.097561 0.072327 0.065041
0 0.726415 0.317073 0.044025 0.097561
0 0.682390 0.651762 0.062893 0.040650
0 0.652516 0.700542 0.040881 0.067751
0 0.699686 0.700542 0.053459 0.073171
0 0.548742 0.806233 0.066038 0.056911
0 0.503145 0.834688 0.075472 0.048780
0 0.366352 0.665312 0.066038 0.073171
0 0.268868 0.602981 0.097484 0.067751
0 0.303459 0.739837 0.084906 0.065041
0 0.371069 0.754743 0.056604 0.067751
0 0.844340 0.788618 0.078616 0.081301
0 0.874214 0.892954 0.056604 0.056911
0 0.619497 0.879404 0.075472 0.078591
0 0.250000 0.890244 0.078616 0.067751
0 0.306604 0.856369 0.053459 0.070461
0 0.113208 0.701897 0.069182 0.070461
0 0.190252 0.789973 0.059748 0.067751
0 0.256289 0.775068 0.066038 0.065041
0 0.073899 0.836043 0.078616 0.051491
0 0.158805 0.865854 0.078616 0.040650
0 0.666667 0.940379 0.062893 0.059621
0 0.597484 0.951220 0.106918 0.043360
0 0.814465 0.861789 0.075472 0.054201
