0 0.088235 0.182768 0.058824 0.052219
0 0.137255 0.080940 0.061625 0.057441
0 0.196078 0.082245 0.056022 0.054830
0 0.096639 0.295039 0.070028 0.062663
0 0.418768 0.259791 0.047619 0.065274
0 0.369748 0.276762 0.061625 0.057441
0 0.441176 0.151436 0.064426 0.057441
0 0.673669 0.203655 0.047619 0.062663
0 0.536415 0.425587 0.075630 0.067885
0 0.845938 0.305483 0.072829 0.083551
0 0.875350 0.207572 0.058824 0.054830
0 0.606443 0.092689 0.070028 0.065274
0 0.452381 0.484334 0.058824 0.060052
0 0.191877 0.365535 0.047619 0.078329
0 0.054622 0.489556 0.036415 0.044386
0 0.239496 0.586162 0.042017 0.075718
0 0.180672 0.728460 0.075630 0.046997
0 0.561625 0.682768 0.058824 0.070496
0 0.925770 0.599217 0.053221 0.065274
0 0.890756 0.664491 0.061625 0.080940
0 0.850140 0.475196 0.075630 0.093995
0 0.885154 0.067885 0.056022 0.078329
0 0.389356 0.635770 0.100840 0.086162
0 0.420168 0.408616 0.056022 0.060052
0 0.058824 0.390339 0.078431 0.060052
0 0.288515 0.297650 0.084034 0.057441
0 0.252101 0.342037 0.072829 0.046997
0 0.334734 0.027415 0.075630 0.044386
0 0.274510 0.809399 0.050420 0.067885
0 0.317927 0.798956 0.064426 0.073107
0 0.633053 0.768930 0.067227 0.044386
0 0.859944 0.875979 0.044818 0.044386
0 0.668067 0.907311 0.058824 0.039164
0 0.668067 0.828982 0.070028 0.060052
0 0.295518 0.916449 0.081232 0.041775
0 0.099440 0.781984 0.053221 0.070496
0 0.057423 0.741514 0.036415 0.078329
0 0.284314 0.612272 0.053221 0.091384
0 0.351541 0.494778 0.064426 0.070496
0 0.490196 0.553525 0.095238 0.088773
0 0.502801 0.613577 0.058824 0.057441
0 0.808123 0.613577 0.047619 0.073107
0 0.876751 0.570496 0.044818 0.080940
0 0.626050 0.245431 0.070028 0.036554
0 0.635854 0.285901 0.050420 0.060052
0 0.387955 0.877285 0.070028 0.046997
0 0.627451 0.870757 0.067227 0.049608
0 0.838936 0.759791 0.098039 0.057441
0 0.753501 0.843342 0.078431 0.046997
0 0.754902 0.468668 0.086835 0.075718
