0 0.153951 0.328467 0.051771 0.072993
0 0.148501 0.268856 0.068120 0.041363
0 0.059946 0.273723 0.070845 0.070560
0 0.264305 0.110706 0.054496 0.046229
0 0.404632 0.180049 0.068120 0.063260
0 0.529973 0.177616 0.073569 0.063260
0 0.479564 0.221411 0.070845 0.034063
0 0.504087 0.244526 0.081744 0.036496
0 0.795640 0.217762 0.043597 0.065693
0 0.854223 0.143552 0.084469 0.048662
0 0.822888 0.075426 0.065395 0.063260
0 0.772480 0.046229 0.057221 0.058394
0 0.584469 0.047445 0.057221 0.046229
0 0.482289 0.115572 0.065395 0.065693
0 0.438692 0.098540 0.049046 0.051095
0 0.643052 0.143552 0.059946 0.058394
0 0.629428 0.283455 0.032698 0.055961
0 0.732970 0.233577 0.054496 0.068127
0 0.891008 0.266423 0.070845 0.060827
0 0.816076 0.334550 0.051771 0.080292
0 0.705722 0.414842 0.081744 0.065693
0 0.662125 0.473236 0.070845 0.046229
0 0.780654 0.500000 0.062670 0.070560
0 0.585831 0.504866 0.065395 0.041363
0 0.425068 0.307786 0.065395 0.036496
0 0.482289 0.333333 0.065395 0.058394
0 0.583106 0.265207 0.076294 0.038929
0 0.252044 0.433090 0.040872 0.053528
0 0.376022 0.378345 0.076294 0.065693
0 0.359673 0.510949 0.054496 0.072993
0 0.280654 0.585158 0.038147 0.051095
0 0.034060 0.428224 0.051771 0.058394
0 0.181199 0.579075 0.068120 0.048662
0 0.208447 0.619221 0.073569 0.046229
0 0.111717 0.860097 0.065395 0.060827
0 0.054496 0.796837 0.059946 0.060827
0 0.085831 0.633820 0.035422 0.060827
0 0.070845 0.583942 0.054496 0.058394
0 0.339237 0.711679 0.057221 0.075426
0 0.543597 0.568127 0.051771 0.065693
0 0.634877 0.603406 0.081744 0.038929
0 0.702997 0.593674 0.076294 0.058394
0 0.807902 0.624088 0.095368 0.070560
0 0.666213 0.745742 0.046322 0.055961
0 0.674387 0.790754 0.057221 0.048662
0 0.743869 0.788321 0.059946 0.077859
0 0.498638 0.716545 0.059946 0.051095
0 0.464578 0.773723 0.046322 0.063260
0 0.395095 0.734793 0.059946 0.048662
0 0.202997 0.852798 0.084469 0.060827
0 0.584469 0.805353 0.073569 0.063260
0 0.912807 0.881995 0.076294 0.036496
0 0.566757 0.965937 0.049046 0.058394
0 0.810627 0.914842 0.057221 0.058394
0 0.079019 0.120438 0.059946 0.031630
0 0.057221 0.160584 0.076294 0.058394
0 0.177112 0.064477 0.076294 0.055961
0 0.904632 0.081509 0.054496 0.065693
