0 0.223012 0.041833 0.068520 0.063176
0 0.491920 0.072567 0.065934 0.039271
0 0.602456 0.084519 0.074984 0.040410
0 0.728830 0.196927 0.080802 0.056915
0 0.730769 0.315879 0.070459 0.078543
0 0.817712 0.317871 0.077569 0.054069
0 0.804137 0.419180 0.107304 0.076836
0 0.566904 0.370518 0.062056 0.072851
0 0.580155 0.308480 0.096315 0.066022
0 0.237233 0.335231 0.077569 0.058054
0 0.279250 0.354297 0.054299 0.050655
0 0.425986 0.347183 0.064641 0.038702
0 0.526180 0.435117 0.058177 0.060899
0 0.520685 0.514798 0.057531 0.055208
0 0.631868 0.498862 0.061409 0.059761
0 0.228830 0.526750 0.068520 0.041548
0 0.214609 0.581104 0.065934 0.054639
0 0.299935 0.610415 0.059470 0.049516
0 0.610860 0.660785 0.049127 0.039841
0 0.705559 0.755549 0.109244 0.043825
0 0.895281 0.842345 0.080155 0.050085
0 0.897220 0.912635 0.090498 0.051793
0 0.372010 0.722823 0.058824 0.061468
0 0.280543 0.461582 0.068520 0.039841
0 0.302198 0.424587 0.048481 0.056915
