0 0.199732 0.140704 0.050938 0.085427
0 0.254692 0.164573 0.064343 0.067839
0 0.426273 0.109296 0.042895 0.067839
0 0.436997 0.146985 0.085791 0.037688
0 0.487936 0.106784 0.069705 0.072864
0 0.532172 0.143216 0.061662 0.055276
0 0.804290 0.074121 0.064343 0.047739
0 0.761394 0.174623 0.053619 0.072864
0 0.904826 0.154523 0.072386 0.037688
0 0.939678 0.250000 0.050938 0.092965
0 0.835121 0.256281 0.099196 0.065327
0 0.756032 0.337940 0.053619 0.057789
0 0.895442 0.291457 0.069705 0.040201
0 0.888740 0.315327 0.109920 0.032663
0 0.827078 0.390704 0.067024 0.062814
0 0.760054 0.434673 0.077748 0.080402
0 0.643432 0.433417 0.053619 0.067839
0 0.658177 0.340452 0.061662 0.072864
0 0.611260 0.321608 0.048257 0.040201
0 0.583110 0.312814 0.056300 0.072864
0 0.530831 0.342965 0.048257 0.062814
0 0.487936 0.371859 0.080429 0.065327
0 0.454424 0.422111 0.050938 0.055276
0 0.517426 0.451005 0.048257 0.077889
0 0.603217 0.550251 0.091153 0.090452
0 0.678284 0.572864 0.080429 0.065327
0 0.675603 0.644472 0.080429 0.077889
0 0.831099 0.483668 0.080429 0.047739
0 0.869973 0.797739 0.083110 0.052764
0 0.950402 0.795226 0.083110 0.042714
0 0.934316 0.865578 0.050938 0.077889
0 0.966488 0.853015 0.050938 0.077889
0 0.812332 0.850503 0.069705 0.032663
0 0.882038 0.865578 0.091153 0.072864
0 0.773458 0.933417 0.099196 0.082915
0 0.489276 0.675879 0.083110 0.060302
0 0.410188 0.695980 0.123324 0.095477
0 0.441019 0.518844 0.056300 0.082915
0 0.353887 0.420854 0.096515 0.057789
0 0.424933 0.306533 0.072386 0.080402
0 0.347185 0.275126 0.088472 0.087940
0 0.281501 0.327889 0.064343 0.067839
0 0.298928 0.376884 0.093834 0.055276
0 0.211796 0.342965 0.048257 0.067839
0 0.123324 0.250000 0.048257 0.077889
0 0.139410 0.287688 0.069705 0.032663
0 0.038874 0.335427 0.072386 0.047739
0 0.067024 0.442211 0.058981 0.065327
0 0.046917 0.473618 0.072386 0.072864
0 0.131367 0.496231 0.042895 0.082915
0 0.179625 0.596734 0.069705 0.067839
0 0.235925 0.655779 0.091153 0.070352
0 0.253351 0.709799 0.072386 0.062814
0 0.097855 0.712312 0.050938 0.087940
0 0.158177 0.798995 0.058981 0.085427
0 0.352547 0.781407 0.056300 0.065327
0 0.432976 0.765075 0.061662 0.082915
0 0.171582 0.918342 0.080429 0.057789
0 0.183646 0.958543 0.050938 0.047739
0 0.252011 0.954774 0.069705 0.085427
0 0.384718 0.861809 0.093834 0.045226
0 0.420912 0.937186 0.080429 0.065327
0 0.656836 0.951005 0.075067 0.077889
0 0.249330 0.074121 0.085791 0.072864
