0 0.206633 0.154054 0.239796 0.210811
0 0.586735 0.108108 0.183673 0.129730
0 0.533163 0.235135 0.239796 0.210811
0 0.887755 0.121622 0.193878 0.189189
0 0.727041 0.186486 0.147959 0.200000
0 0.520408 0.483784 0.183673 0.200000
0 0.862245 0.505405 0.132653 0.210811
0 0.698980 0.383784 0.193878 0.183784
0 0.224490 0.462162 0.193878 0.210811
0 0.331633 0.564865 0.173469 0.189189
0 0.477041 0.700000 0.198980 0.264865
0 0.285714 0.700000 0.214286 0.232432
0 0.084184 0.521622 0.147959 0.232432
0 0.091837 0.721622 0.163265 0.200000
0 0.086735 0.905405 0.142857 0.178378
