0 0.191257 0.135135 0.218579 0.216216
0 0.128415 0.356757 0.245902 0.216216
0 0.631148 0.416216 0.256831 0.281081
0 0.437158 0.627027 0.251366 0.270270
0 0.147541 0.856757 0.229508 0.178378
0 0.770492 0.716216 0.306011 0.254054
0 0.644809 0.916216 0.251366 0.167568
0 0.912568 0.848649 0.153005 0.194595
0 0.513661 0.775676 0.262295 0.145946
0 0.825137 0.348649 0.120219 0.189189
0 0.852459 0.478378 0.218579 0.145946
0 0.412568 0.100000 0.180328 0.178378
0 0.344262 0.313514 0.251366 0.183784
0 0.502732 0.327027 0.153005 0.189189
0 0.461749 0.491892 0.169399 0.205405
