0 0.121287 0.143204 0.173267 0.208738
0 0.537129 0.121359 0.232673 0.233010
0 0.896040 0.174757 0.207921 0.262136
0 0.715347 0.347087 0.202970 0.169903
0 0.893564 0.402913 0.193069 0.203883
0 0.153465 0.487864 0.217822 0.199029
0 0.344059 0.070388 0.193069 0.131068
0 0.633663 0.592233 0.178218 0.194175
0 0.846535 0.621359 0.188119 0.291262
0 0.631188 0.817961 0.282178 0.228155
0 0.331683 0.800971 0.207921 0.262136
0 0.091584 0.834951 0.143564 0.213592
0 0.430693 0.611650 0.138614 0.223301
0 0.121287 0.305825 0.163366 0.194175
