0 0.592275 0.171674 0.206009 0.154506
0 0.418455 0.285408 0.201717 0.184549
0 0.585837 0.326180 0.150215 0.180258
0 0.714592 0.358369 0.133047 0.175966
0 0.890558 0.225322 0.150215 0.201717
0 0.768240 0.469957 0.180258 0.124464
0 0.540773 0.583691 0.163090 0.223176
0 0.465665 0.665236 0.175966 0.188841
0 0.304721 0.433476 0.180258 0.214592
0 0.173820 0.457082 0.184549 0.115880
0 0.152361 0.285408 0.158798 0.141631
0 0.083691 0.173820 0.115880 0.158798
0 0.079399 0.581545 0.150215 0.124464
0 0.240343 0.663090 0.154506 0.175966
0 0.135193 0.759657 0.107296 0.180258
0 0.053648 0.680258 0.098712 0.158798
0 0.804721 0.796137 0.193133 0.193133
0 0.873391 0.896996 0.218884 0.180258
0 0.721030 0.914163 0.111588 0.171674
0 0.510730 0.856223 0.266094 0.115880
0 0.306867 0.869099 0.167382 0.253219
0 0.152361 0.918455 0.175966 0.163090
0 0.615880 0.909871 0.141631 0.180258
0 0.761803 0.581545 0.158798 0.141631
