1 0.122845 0.140816 0.159483 0.191837
1 0.230603 0.085714 0.219828 0.146939
1 0.506466 0.120408 0.185345 0.159184
1 0.730603 0.126531 0.176724 0.155102
1 0.760776 0.291837 0.237069 0.232653
1 0.592672 0.332653 0.185345 0.175510
1 0.413793 0.402041 0.163793 0.118367
1 0.530172 0.459184 0.172414 0.126531
1 0.415948 0.481633 0.107759 0.187755
1 0.221983 0.367347 0.202586 0.155102
1 0.349138 0.236735 0.198276 0.146939
1 0.185345 0.528571 0.224138 0.191837
1 0.068966 0.708163 0.129310 0.183673
1 0.103448 0.797959 0.189655 0.151020
1 0.409483 0.681633 0.198276 0.228571
1 0.803879 0.544898 0.185345 0.167347
1 0.709052 0.704082 0.125000 0.175510
1 0.588362 0.720408 0.185345 0.126531
1 0.534483 0.842857 0.137931 0.175510
1 0.846983 0.869388 0.159483 0.261224
1 0.704741 0.883673 0.168103 0.175510
1 0.224138 0.908163 0.172414 0.183673
