1 0.196682 0.172840 0.213270 0.205761
1 0.736967 0.146091 0.156398 0.176955
1 0.898104 0.146091 0.165877 0.283951
1 0.324645 0.294239 0.222749 0.176955
1 0.526066 0.100823 0.170616 0.193416
1 0.109005 0.452675 0.208531 0.189300
1 0.379147 0.485597 0.227488 0.172840
1 0.665877 0.294239 0.203791 0.218107
1 0.900474 0.438272 0.123223 0.185185
1 0.755924 0.526749 0.232227 0.139918
1 0.888626 0.631687 0.137441 0.185185
1 0.893365 0.820988 0.146919 0.209877
1 0.575829 0.769547 0.241706 0.296296
1 0.305687 0.773663 0.222749 0.164609
