0 0.429440 0.048884 0.070223 0.060574
0 0.739028 0.044102 0.074949 0.063762
0 0.304186 0.305260 0.081702 0.077046
0 0.065834 0.448193 0.084402 0.036663
0 0.419986 0.444208 0.112086 0.074389
0 0.703916 0.404091 0.089804 0.060043
0 0.869345 0.317481 0.084402 0.081296
0 0.838285 0.488310 0.054693 0.062699
0 0.913910 0.532678 0.051992 0.061105
0 0.714720 0.620351 0.103309 0.069607
0 0.633356 0.715197 0.120189 0.042508
0 0.223498 0.573326 0.116138 0.072264
0 0.503376 0.507173 0.072248 0.064293
0 0.253883 0.636823 0.068872 0.036663
0 0.300135 0.657811 0.061445 0.057386
0 0.344362 0.685441 0.070223 0.069075
0 0.474342 0.662593 0.072248 0.047821
0 0.498650 0.740170 0.095206 0.038257
0 0.636732 0.806854 0.071573 0.071732
0 0.894666 0.831296 0.121540 0.041977
0 0.764348 0.895855 0.072924 0.064825
0 0.604659 0.912859 0.092505 0.057386
0 0.053342 0.755048 0.070223 0.064825
0 0.078325 0.891073 0.149899 0.061637
0 0.151924 0.669235 0.074274 0.061105
0 0.222147 0.740701 0.068872 0.041445
0 0.228899 0.689426 0.076975 0.066419
0 0.586766 0.387620 0.070223 0.077046
0 0.641121 0.451647 0.112762 0.044633
0 0.896691 0.027896 0.059419 0.054729
