0 0.395526 0.086550 0.060011 0.071773
0 0.605565 0.234922 0.088380 0.071773
0 0.896072 0.234922 0.050736 0.063329
0 0.810966 0.481906 0.078014 0.086852
0 0.821331 0.366405 0.085652 0.081423
0 0.602019 0.346803 0.051828 0.072376
0 0.638571 0.338963 0.058374 0.075995
0 0.655756 0.384198 0.066558 0.060314
0 0.122477 0.958987 0.083470 0.067551
0 0.492908 0.797346 0.072559 0.075995
0 0.499454 0.732207 0.091107 0.084439
0 0.663393 0.640531 0.084015 0.073583
0 0.703219 0.768396 0.080742 0.073583
0 0.811784 0.763872 0.045827 0.104343
0 0.846427 0.966224 0.079105 0.067551
0 0.639662 0.851025 0.064921 0.083233
0 0.519367 0.894753 0.066558 0.053679
0 0.611839 0.963510 0.050736 0.064536
0 0.309875 0.964415 0.062193 0.071170
0 0.510366 0.549156 0.058374 0.051267
