0 0.251704 0.081173 0.047195 0.092769
0 0.452543 0.254434 0.050341 0.080491
0 0.540115 0.168486 0.060829 0.066849
0 0.623755 0.155866 0.060304 0.079809
0 0.703985 0.083561 0.078133 0.052524
0 0.814106 0.183834 0.048768 0.112551
0 0.855008 0.221010 0.068694 0.098226
0 0.956476 0.228854 0.054536 0.081173
0 0.861563 0.434857 0.058731 0.067531
0 0.855270 0.504775 0.061877 0.064120
0 0.918196 0.561733 0.040902 0.094816
0 0.809124 0.565484 0.046146 0.046385
0 0.838752 0.647681 0.056109 0.044338
0 0.896696 0.711460 0.038804 0.092769
0 0.557682 0.719986 0.050865 0.074352
0 0.699004 0.613915 0.059780 0.073670
0 0.536707 0.549454 0.064499 0.070259
0 0.185370 0.461460 0.066597 0.090723
0 0.339014 0.451910 0.061353 0.053888
0 0.453068 0.718622 0.061877 0.051160
0 0.505506 0.416098 0.052438 0.051842
0 0.692187 0.405525 0.040902 0.082538
0 0.342947 0.234993 0.056633 0.057981
0 0.083639 0.564461 0.041426 0.044338
0 0.233351 0.884038 0.034609 0.095498
0 0.257997 0.681105 0.020975 0.064802
0 0.144730 0.341405 0.060829 0.089359
0 0.808076 0.708049 0.065024 0.058663
