0 0.355928 0.153714 0.041999 0.084594
0 0.453216 0.282325 0.062201 0.074966
0 0.629984 0.228336 0.068049 0.064649
0 0.588251 0.150275 0.048379 0.066713
0 0.645933 0.121733 0.061669 0.066025
0 0.393674 0.403026 0.071770 0.086657
0 0.630781 0.367263 0.043062 0.082531
0 0.630516 0.421596 0.059543 0.059147
0 0.711590 0.399931 0.054758 0.098349
0 0.799841 0.318088 0.030303 0.094223
0 0.817384 0.377923 0.056885 0.076341
0 0.765816 0.424003 0.046252 0.083219
0 0.833865 0.509629 0.039872 0.083906
0 0.868155 0.538514 0.064859 0.041265
0 0.530037 0.580124 0.064859 0.057084
0 0.640085 0.477304 0.065922 0.039890
0 0.054758 0.550894 0.054226 0.082531
0 0.442318 0.537483 0.065922 0.055708
0 0.461722 0.624484 0.048379 0.052270
0 0.257044 0.755502 0.044125 0.070839
0 0.175439 0.691884 0.064859 0.056396
0 0.144072 0.638583 0.062733 0.040578
0 0.162945 0.538514 0.061138 0.070151
0 0.045455 0.351788 0.057948 0.063961
0 0.164274 0.234182 0.079745 0.070839
0 0.276183 0.119326 0.068581 0.062586
0 0.276715 0.070839 0.051568 0.031637
0 0.058745 0.120014 0.037746 0.079092
0 0.091441 0.070151 0.044657 0.097662
0 0.045189 0.152682 0.057416 0.042641
0 0.054492 0.297799 0.061138 0.046768
0 0.663743 0.898900 0.054758 0.083906
0 0.744019 0.717675 0.061138 0.079092
0 0.750930 0.626547 0.051568 0.085282
0 0.528442 0.654058 0.047847 0.072902
0 0.427432 0.693604 0.046784 0.073590
0 0.480861 0.409216 0.059011 0.050894
