0 0.081697 0.122713 0.068398 0.080732
0 0.110830 0.202099 0.075997 0.051130
0 0.065864 0.264263 0.068398 0.054898
0 0.353072 0.133746 0.048765 0.060818
0 0.400887 0.145318 0.036732 0.052745
0 0.460418 0.099569 0.046865 0.052745
0 0.403737 0.091227 0.076631 0.038213
0 0.555098 0.031216 0.047498 0.048439
0 0.596897 0.100646 0.046232 0.061356
0 0.649778 0.115716 0.045598 0.076426
0 0.692527 0.140743 0.052565 0.043595
0 0.337555 0.300054 0.055731 0.043595
0 0.185877 0.392088 0.042432 0.041442
0 0.365421 0.396663 0.097530 0.025834
0 0.394870 0.435953 0.082964 0.034446
0 0.318556 0.474973 0.045598 0.061895
0 0.398353 0.512648 0.070931 0.054360
0 0.349588 0.547901 0.046865 0.025834
0 0.343889 0.574543 0.064598 0.038213
0 0.356238 0.618407 0.074098 0.023681
0 0.398353 0.717976 0.065864 0.055974
0 0.329006 0.791712 0.056365 0.053821
0 0.387904 0.879440 0.050032 0.058127
0 0.430019 0.940258 0.060798 0.052745
0 0.240659 0.857374 0.051932 0.048439
0 0.183977 0.982508 0.077897 0.033907
0 0.026916 0.854144 0.038632 0.052745
0 0.888537 0.602799 0.045598 0.059203
0 0.772958 0.410388 0.047498 0.069429
0 0.740342 0.555974 0.058265 0.057051
0 0.771058 0.674112 0.085497 0.046825
0 0.743509 0.604144 0.093730 0.043595
0 0.596580 0.939451 0.097530 0.043595
0 0.670044 0.876211 0.063331 0.053821
0 0.919569 0.845533 0.060798 0.076426
0 0.614946 0.778256 0.060798 0.053821
0 0.634579 0.709903 0.121596 0.078579
0 0.792907 0.182992 0.055731 0.037675
0 0.655161 0.231701 0.048765 0.070506
0 0.211843 0.477933 0.041165 0.058127
