0 0.383481 0.153453 0.053097 0.051151
0 0.513274 0.118926 0.041298 0.043478
0 0.210914 0.067775 0.061947 0.028133
0 0.165192 0.056266 0.058997 0.035806
0 0.461652 0.191816 0.056047 0.030691
0 0.482301 0.209719 0.056047 0.025575
0 0.501475 0.020460 0.064897 0.035806
0 0.328909 0.902813 0.044248 0.046036
0 0.346608 0.929668 0.050147 0.033248
0 0.280236 0.951407 0.035398 0.061381
0 0.224189 0.947570 0.035398 0.053708
0 0.188791 0.902813 0.053097 0.025575
0 0.168142 0.975703 0.023599 0.048593
0 0.035398 0.951407 0.035398 0.061381
0 0.561947 0.893862 0.032448 0.058824
0 0.818584 0.900256 0.056047 0.030691
0 0.917404 0.913043 0.053097 0.051151
0 0.851032 0.863171 0.067847 0.028133
0 0.803835 0.832481 0.056047 0.033248
0 0.752212 0.795396 0.047198 0.056266
0 0.730088 0.773657 0.044248 0.048593
0 0.591445 0.824808 0.032448 0.038363
0 0.516224 0.778772 0.053097 0.033248
0 0.672566 0.748082 0.023599 0.053708
0 0.578171 0.694373 0.053097 0.038363
0 0.576696 0.731458 0.061947 0.051151
0 0.455752 0.708440 0.038348 0.056266
0 0.336283 0.653453 0.041298 0.043478
0 0.317109 0.719949 0.061947 0.048593
0 0.255162 0.759591 0.044248 0.051151
0 0.210914 0.800512 0.032448 0.056266
0 0.188791 0.795396 0.029499 0.035806
0 0.112094 0.803069 0.058997 0.046036
0 0.058997 0.749361 0.047198 0.046036
0 0.156342 0.744246 0.064897 0.020460
0 0.078171 0.712276 0.067847 0.028133
0 0.058997 0.640665 0.035398 0.063939
0 0.144543 0.687980 0.035398 0.046036
0 0.249263 0.636829 0.032448 0.066496
0 0.735988 0.703325 0.073746 0.056266
0 0.899705 0.795396 0.053097 0.040921
0 0.789086 0.552430 0.073746 0.035806
0 0.685841 0.529412 0.050147 0.040921
0 0.623894 0.535806 0.061947 0.033248
0 0.678466 0.586957 0.058997 0.053708
0 0.483776 0.649616 0.047198 0.040921
0 0.085546 0.584399 0.035398 0.058824
0 0.069322 0.552430 0.038348 0.056266
0 0.528024 0.512788 0.047198 0.058824
0 0.349558 0.461637 0.050147 0.053708
0 0.404130 0.445013 0.064897 0.046036
0 0.572271 0.453964 0.064897 0.038363
0 0.834808 0.441176 0.070796 0.038363
0 0.750737 0.443734 0.044248 0.048593
0 0.910029 0.349105 0.073746 0.053708
0 0.362832 0.337596 0.053097 0.056266
0 0.278761 0.529412 0.044248 0.056266
0 0.202065 0.563939 0.056047 0.038363
0 0.175516 0.531969 0.044248 0.046036
0 0.061947 0.480818 0.053097 0.046036
0 0.117994 0.450128 0.053097 0.046036
0 0.030973 0.393862 0.050147 0.061381
0 0.056047 0.251918 0.041298 0.074169
0 0.157817 0.369565 0.056047 0.038363
0 0.244838 0.390026 0.029499 0.053708
0 0.246313 0.512788 0.032448 0.058824
0 0.207965 0.497442 0.038348 0.048593
0 0.162242 0.488491 0.035398 0.051151
0 0.681416 0.365729 0.047198 0.035806
0 0.696165 0.388747 0.064897 0.020460
0 0.650442 0.407928 0.061947 0.033248
0 0.796460 0.285166 0.064897 0.069054
0 0.464602 0.301790 0.056047 0.046036
0 0.148968 0.303069 0.032448 0.048593
0 0.191740 0.244246 0.041298 0.048593
0 0.137168 0.246803 0.044248 0.043478
0 0.041298 0.136829 0.053097 0.038363
0 0.064897 0.111253 0.058997 0.038363
0 0.185841 0.125320 0.047198 0.046036
0 0.247788 0.098465 0.041298 0.053708
0 0.573746 0.163683 0.032448 0.056266
0 0.705015 0.198210 0.041298 0.048593
0 0.815634 0.111253 0.073746 0.033248
0 0.851032 0.094629 0.061947 0.030691
0 0.762537 0.187980 0.032448 0.048593
0 0.789086 0.182864 0.026549 0.069054
0 0.853982 0.232737 0.038348 0.040921
0 0.917404 0.225064 0.058997 0.046036
0 0.733038 0.025575 0.050147 0.046036
0 0.784661 0.053708 0.053097 0.056266
0 0.510324 0.157289 0.070796 0.038363
