0 0.750716 0.873494 0.057307 0.042169
0 0.714900 0.882530 0.048711 0.030120
0 0.641834 0.878012 0.045845 0.057229
0 0.707736 0.933735 0.063037 0.024096
0 0.606017 0.947289 0.065903 0.039157
0 0.524355 0.929217 0.068768 0.045181
0 0.561605 0.876506 0.040115 0.054217
0 0.719198 0.790663 0.063037 0.057229
0 0.789398 0.719880 0.054441 0.078313
0 0.845272 0.713855 0.034384 0.066265
0 0.687679 0.686747 0.051576 0.066265
0 0.479943 0.656627 0.042980 0.072289
0 0.378223 0.697289 0.057307 0.063253
0 0.408309 0.832831 0.054441 0.051205
0 0.110315 0.849398 0.054441 0.048193
0 0.159026 0.897590 0.054441 0.042169
0 0.071633 0.890060 0.063037 0.075301
0 0.212034 0.600904 0.040115 0.069277
0 0.391117 0.533133 0.020057 0.072289
0 0.481375 0.518072 0.051576 0.072289
0 0.458453 0.429217 0.034384 0.051205
0 0.517192 0.423193 0.031519 0.063253
0 0.548711 0.457831 0.065903 0.024096
0 0.653295 0.415663 0.045845 0.042169
0 0.606017 0.334337 0.042980 0.060241
0 0.772206 0.329819 0.054441 0.045181
0 0.861032 0.381024 0.042980 0.051205
0 0.767908 0.570783 0.034384 0.063253
0 0.862464 0.603916 0.057307 0.033133
0 0.859599 0.558735 0.022923 0.063253
0 0.881089 0.533133 0.020057 0.072289
0 0.916905 0.295181 0.051576 0.054217
0 0.803725 0.228916 0.048711 0.072289
0 0.724928 0.209337 0.051576 0.039157
0 0.634670 0.146084 0.042980 0.075301
0 0.616046 0.266566 0.028653 0.057229
0 0.521490 0.204819 0.057307 0.048193
0 0.163324 0.319277 0.040115 0.048193
0 0.098854 0.385542 0.031519 0.072289
0 0.180516 0.484940 0.045845 0.042169
0 0.093123 0.489458 0.060172 0.051205
0 0.028653 0.447289 0.051576 0.075301
0 0.051576 0.352410 0.045845 0.060241
0 0.085960 0.313253 0.040115 0.054217
0 0.054441 0.243976 0.028653 0.066265
0 0.021490 0.236446 0.037249 0.075301
0 0.206304 0.230422 0.063037 0.033133
0 0.068768 0.129518 0.063037 0.024096
0 0.117479 0.099398 0.068768 0.042169
0 0.191977 0.030120 0.051576 0.054217
0 0.340974 0.031627 0.063037 0.057229
0 0.252149 0.019578 0.045845 0.033133
0 0.631805 0.018072 0.054441 0.030120
0 0.585960 0.707831 0.065903 0.078313
0 0.623209 0.817771 0.037249 0.045181
0 0.497135 0.852410 0.048711 0.042169
0 0.073066 0.679217 0.048711 0.051205
0 0.024355 0.638554 0.042980 0.036145
0 0.022923 0.679217 0.040115 0.033133
0 0.296562 0.819277 0.031519 0.066265
0 0.838109 0.852410 0.054441 0.090361
