0 0.816923 0.970255 0.046154 0.048159
0 0.906154 0.949008 0.058462 0.084986
0 0.627692 0.949008 0.030769 0.056657
0 0.732308 0.730878 0.049231 0.056657
0 0.832308 0.658640 0.083077 0.065156
0 0.576923 0.355524 0.070769 0.059490
0 0.475385 0.372521 0.040000 0.042493
0 0.512308 0.433428 0.033846 0.062323
0 0.510769 0.550992 0.061538 0.065156
0 0.698462 0.641643 0.043077 0.065156
0 0.655385 0.644476 0.055385 0.053824
0 0.450769 0.930595 0.076923 0.053824
0 0.100000 0.695467 0.027692 0.070822
0 0.150769 0.716714 0.055385 0.039660
0 0.210769 0.685552 0.046154 0.050992
0 0.252308 0.552408 0.061538 0.050992
0 0.304615 0.618980 0.067692 0.065156
0 0.309231 0.810198 0.058462 0.039660
0 0.347692 0.781870 0.055385 0.056657
0 0.400000 0.831445 0.061538 0.059490
0 0.418462 0.797450 0.043077 0.059490
0 0.761538 0.416431 0.040000 0.056657
0 0.750769 0.475921 0.049231 0.073654
0 0.386154 0.567989 0.083077 0.053824
0 0.226154 0.396601 0.052308 0.062323
1 0.112308 0.364023 0.113846 0.087819
0 0.160000 0.266289 0.055385 0.056657
0 0.113846 0.454674 0.061538 0.042493
0 0.241538 0.281870 0.027692 0.065156
0 0.480000 0.067989 0.043077 0.062323
0 0.475385 0.025496 0.058462 0.045326
0 0.701538 0.126062 0.067692 0.048159
0 0.803077 0.215297 0.030769 0.073654
0 0.746154 0.247875 0.058462 0.025496
0 0.926154 0.219547 0.080000 0.048159
0 0.933846 0.101983 0.058462 0.050992
0 0.944615 0.056657 0.055385 0.045326
0 0.838462 0.058074 0.064615 0.059490
0 0.736923 0.028329 0.052308 0.050992
0 0.612308 0.109065 0.049231 0.059490
0 0.767692 0.308782 0.052308 0.045326
0 0.401538 0.907932 0.033846 0.059490
0 0.360000 0.059490 0.061538 0.073654
0 0.129231 0.059490 0.043077 0.050992
0 0.060000 0.093484 0.076923 0.039660
0 0.113846 0.195467 0.067692 0.062323
0 0.315385 0.192635 0.058462 0.028329
0 0.012308 0.300283 0.018462 0.045326
0 0.035385 0.318697 0.046154 0.031161
0 0.144615 0.014164 0.061538 0.022663
0 0.384615 0.390935 0.067692 0.056657
0 0.324615 0.399433 0.033846 0.062323
0 0.398462 0.626062 0.058462 0.050992
0 0.367692 0.669972 0.033846 0.059490
0 0.060000 0.888102 0.046154 0.070822
0 0.035385 0.798867 0.046154 0.056657
0 0.052308 0.150142 0.061538 0.056657
