0 0.865819 0.912676 0.059322 0.056338
0 0.579096 0.980282 0.056497 0.039437
0 0.450565 0.961972 0.064972 0.064789
0 0.377119 0.976056 0.076271 0.047887
0 0.176554 0.981690 0.053672 0.036620
0 0.166667 0.849296 0.073446 0.047887
0 0.193503 0.801408 0.059322 0.042254
0 0.159605 0.733803 0.036723 0.059155
0 0.173729 0.697183 0.019774 0.059155
0 0.512712 0.823944 0.042373 0.047887
0 0.605932 0.894366 0.059322 0.036620
0 0.659605 0.866197 0.036723 0.070423
0 0.718927 0.916901 0.036723 0.053521
0 0.724576 0.957746 0.042373 0.056338
0 0.874294 0.969014 0.064972 0.028169
0 0.759887 0.750704 0.045198 0.047887
0 0.730226 0.791549 0.059322 0.056338
0 0.614407 0.816901 0.059322 0.039437
0 0.528249 0.781690 0.056497 0.030986
0 0.320621 0.635211 0.070621 0.053521
0 0.162429 0.598592 0.042373 0.042254
0 0.072034 0.480282 0.031073 0.064789
0 0.187853 0.278873 0.042373 0.073239
0 0.024011 0.328169 0.036723 0.059155
0 0.272599 0.323944 0.053672 0.067606
0 0.461864 0.481690 0.031073 0.073239
0 0.483051 0.526761 0.033898 0.056338
0 0.447740 0.685915 0.070621 0.042254
0 0.624294 0.612676 0.045198 0.059155
0 0.669492 0.645070 0.062147 0.039437
0 0.812147 0.711268 0.042373 0.036620
0 0.764124 0.532394 0.053672 0.056338
0 0.903955 0.381690 0.056497 0.053521
0 0.937853 0.333803 0.028249 0.053521
0 0.686441 0.439437 0.067797 0.033803
0 0.550847 0.487324 0.045198 0.061972
0 0.603107 0.450704 0.053672 0.045070
0 0.600282 0.504225 0.053672 0.050704
0 0.254237 0.450704 0.050847 0.028169
0 0.697740 0.336620 0.050847 0.047887
0 0.728814 0.380282 0.056497 0.039437
0 0.766949 0.342254 0.036723 0.076056
0 0.879944 0.208451 0.048023 0.056338
0 0.786723 0.195775 0.031073 0.059155
0 0.709040 0.212676 0.033898 0.036620
0 0.531073 0.177465 0.067797 0.022535
0 0.570621 0.300000 0.045198 0.059155
0 0.285311 0.242254 0.073446 0.084507
0 0.182203 0.219718 0.053672 0.050704
0 0.080508 0.236620 0.064972 0.033803
0 0.079096 0.028169 0.062147 0.039437
0 0.259887 0.054930 0.050847 0.042254
0 0.323446 0.114085 0.053672 0.030986
0 0.279661 0.161972 0.067797 0.025352
0 0.413842 0.084507 0.064972 0.050704
0 0.487288 0.136620 0.059322 0.053521
0 0.341808 0.047887 0.033898 0.045070
0 0.461864 0.045070 0.042373 0.067606
0 0.553672 0.121127 0.062147 0.045070
0 0.540960 0.023944 0.064972 0.042254
0 0.692090 0.070423 0.028249 0.061972
0 0.713277 0.108451 0.048023 0.087324
0 0.782486 0.126761 0.062147 0.056338
0 0.870056 0.071831 0.056497 0.042254
0 0.919492 0.085915 0.036723 0.042254
0 0.834746 0.067606 0.048023 0.045070
0 0.843220 0.028169 0.070621 0.045070
0 0.529661 0.678873 0.042373 0.033803
0 0.347458 0.805634 0.107345 0.084507
