0 0.164688 0.155172 0.038576 0.082759
0 0.028190 0.106897 0.050445 0.103448
0 0.249258 0.120690 0.041543 0.082759
0 0.265579 0.191379 0.044510 0.058621
0 0.372404 0.163793 0.032641 0.065517
0 0.379822 0.308621 0.035608 0.044828
0 0.286350 0.318966 0.050445 0.031034
0 0.111276 0.268966 0.038576 0.068966
0 0.272997 0.046552 0.065282 0.051724
0 0.318991 0.093103 0.056380 0.034483
0 0.449555 0.041379 0.050445 0.048276
0 0.498516 0.087931 0.059347 0.051724
0 0.548961 0.103448 0.047478 0.068966
0 0.483680 0.355172 0.035608 0.068966
0 0.642433 0.541379 0.044510 0.075862
0 0.594955 0.505172 0.050445 0.093103
0 0.290801 0.400000 0.053412 0.048276
0 0.305638 0.467241 0.053412 0.065517
0 0.231454 0.555172 0.071217 0.068966
0 0.318991 0.706897 0.050445 0.062069
0 0.255193 0.724138 0.035608 0.062069
0 0.408012 0.801724 0.032641 0.086207
0 0.405045 0.934483 0.062315 0.048276
0 0.155786 0.834483 0.056380 0.075862
0 0.207715 0.850000 0.059347 0.058621
0 0.114243 0.727586 0.068249 0.062069
0 0.158754 0.705172 0.032641 0.079310
0 0.136499 0.646552 0.047478 0.058621
0 0.206231 0.729310 0.050445 0.065517
0 0.318991 0.779310 0.050445 0.055172
0 0.350148 0.870690 0.059347 0.051724
0 0.541543 0.877586 0.044510 0.044828
0 0.540059 0.936207 0.047478 0.044828
0 0.492582 0.913793 0.035608 0.048276
0 0.606825 0.803448 0.038576 0.075862
0 0.636499 0.870690 0.062315 0.072414
0 0.709199 0.865517 0.047478 0.062069
0 0.643917 0.934483 0.041543 0.048276
0 0.854599 0.882759 0.071217 0.034483
0 0.862018 0.922414 0.074184 0.065517
0 0.909496 0.965517 0.056380 0.062069
0 0.952522 0.951724 0.059347 0.062069
0 0.971810 0.918966 0.050445 0.051724
0 0.948071 0.791379 0.020772 0.079310
0 0.864985 0.831034 0.080119 0.041379
0 0.891691 0.732759 0.050445 0.044828
0 0.885757 0.770690 0.032641 0.037931
0 0.838279 0.775862 0.062315 0.068966
0 0.860534 0.617241 0.041543 0.075862
0 0.942136 0.612069 0.056380 0.065517
0 0.879822 0.525862 0.056380 0.065517
0 0.700297 0.606897 0.041543 0.062069
0 0.744807 0.596552 0.035608 0.075862
0 0.719585 0.748276 0.062315 0.055172
0 0.660237 0.715517 0.050445 0.065517
0 0.903561 0.425862 0.068249 0.079310
0 0.729970 0.370690 0.071217 0.086207
0 0.772997 0.300000 0.038576 0.068966
0 0.682493 0.274138 0.059347 0.051724
0 0.630564 0.241379 0.038576 0.068966
0 0.388724 0.093103 0.059347 0.062069
0 0.130564 0.424138 0.065282 0.048276
0 0.065282 0.355172 0.047478 0.075862
0 0.866469 0.191379 0.059347 0.072414
0 0.925816 0.208621 0.047478 0.065517
0 0.925816 0.250000 0.071217 0.044828
0 0.870920 0.120690 0.044510 0.075862
0 0.789318 0.025862 0.065282 0.044828
0 0.879822 0.022414 0.056380 0.037931
0 0.175074 0.908621 0.041543 0.058621
