0 0.545961 0.283333 0.055710 0.069231
0 0.409471 0.370513 0.066852 0.069231
0 0.431755 0.451282 0.066852 0.046154
0 0.277159 0.424359 0.047354 0.074359
0 0.263231 0.589744 0.075209 0.061538
0 0.162953 0.660256 0.080780 0.074359
0 0.083565 0.705128 0.072423 0.046154
0 0.136490 0.901282 0.044568 0.074359
0 0.144847 0.962821 0.094708 0.038462
0 0.243733 0.982051 0.069638 0.025641
0 0.318942 0.930769 0.064067 0.056410
0 0.370474 0.866667 0.061281 0.046154
0 0.356546 0.829487 0.050139 0.053846
0 0.182451 0.830769 0.075209 0.020513
0 0.182451 0.871795 0.036212 0.061538
0 0.176880 0.810256 0.058496 0.046154
0 0.225627 0.792308 0.038997 0.056410
0 0.245125 0.741026 0.061281 0.046154
0 0.357939 0.730769 0.041783 0.066667
0 0.501393 0.752564 0.089136 0.058974
0 0.571031 0.826923 0.038997 0.064103
0 0.541783 0.897436 0.064067 0.035897
0 0.498607 0.908974 0.061281 0.064103
0 0.598886 0.894872 0.038997 0.061538
0 0.653203 0.916667 0.064067 0.033333
0 0.697772 0.878205 0.041783 0.074359
0 0.731198 0.953846 0.080780 0.041026
0 0.786908 0.956410 0.064067 0.041026
0 0.926184 0.801282 0.058496 0.058974
0 0.977716 0.726923 0.033426 0.064103
0 0.915042 0.707692 0.052925 0.056410
0 0.860724 0.693590 0.061281 0.053846
0 0.793872 0.637179 0.066852 0.028205
0 0.608635 0.721795 0.025070 0.058974
0 0.576602 0.721795 0.027855 0.053846
0 0.547354 0.684615 0.052925 0.025641
0 0.527855 0.639744 0.036212 0.058974
0 0.424791 0.620513 0.075209 0.056410
0 0.622563 0.528205 0.064067 0.051282
0 0.650418 0.488462 0.041783 0.043590
0 0.678273 0.534615 0.058496 0.053846
0 0.650418 0.594872 0.058496 0.041026
0 0.646240 0.630769 0.072423 0.025641
0 0.600279 0.611538 0.052925 0.033333
0 0.852368 0.553846 0.055710 0.061538
0 0.970752 0.535897 0.058496 0.041026
0 0.838440 0.479487 0.061281 0.066667
0 0.742340 0.478205 0.069638 0.033333
0 0.767409 0.389744 0.058496 0.066667
0 0.848189 0.400000 0.064067 0.046154
0 0.894150 0.366667 0.066852 0.035897
0 0.974930 0.303846 0.050139 0.038462
0 0.710306 0.337179 0.089136 0.058974
0 0.284123 0.264103 0.027855 0.071795
0 0.041783 0.591026 0.061281 0.053846
0 0.041783 0.469231 0.066852 0.030769
0 0.051532 0.506410 0.064067 0.048718
0 0.096100 0.521795 0.058496 0.043590
0 0.091922 0.425641 0.066852 0.061538
0 0.098886 0.303846 0.036212 0.043590
0 0.122563 0.246154 0.044568 0.071795
0 0.047354 0.160256 0.033426 0.069231
0 0.164345 0.080769 0.033426 0.058974
0 0.227019 0.147436 0.058496 0.053846
0 0.232591 0.183333 0.058496 0.053846
0 0.260446 0.120513 0.069638 0.041026
0 0.309192 0.088462 0.044568 0.048718
0 0.253482 0.062821 0.066852 0.033333
0 0.619777 0.084615 0.069638 0.030769
0 0.597493 0.134615 0.036212 0.053846
0 0.628134 0.198718 0.041783 0.053846
0 0.463788 0.219231 0.080780 0.043590
0 0.412256 0.173077 0.050139 0.069231
0 0.676880 0.164103 0.072423 0.046154
0 0.692201 0.219231 0.047354 0.058974
0 0.721448 0.805128 0.055710 0.056410
