0 0.454942 0.207317 0.049419 0.059233
0 0.502907 0.203833 0.040698 0.038328
0 0.507267 0.081882 0.055233 0.059233
0 0.629360 0.073171 0.061047 0.041812
0 0.629360 0.116725 0.031977 0.066202
0 0.703488 0.081882 0.052326 0.066202
0 0.829942 0.290941 0.037791 0.059233
0 0.803779 0.203833 0.043605 0.059233
0 0.678779 0.313589 0.084302 0.041812
0 0.485465 0.439024 0.034884 0.076655
0 0.257267 0.275261 0.037791 0.055749
0 0.658430 0.750871 0.061047 0.066202
0 0.767442 0.736934 0.052326 0.059233
0 0.822674 0.747387 0.017442 0.045296
0 0.829942 0.601045 0.031977 0.073171
0 0.736919 0.578397 0.031977 0.055749
0 0.632267 0.588850 0.037791 0.048780
0 0.783430 0.487805 0.043605 0.055749
0 0.914244 0.385017 0.049419 0.052265
0 0.947674 0.351916 0.058140 0.055749
0 0.898256 0.296167 0.058140 0.055749
0 0.906977 0.087108 0.081395 0.090592
0 0.938953 0.141115 0.034884 0.059233
0 0.904070 0.155052 0.034884 0.059233
0 0.181686 0.101045 0.049419 0.027875
0 0.186047 0.142857 0.034884 0.062718
0 0.424419 0.770035 0.029070 0.062718
0 0.369186 0.801394 0.058140 0.034843
0 0.277616 0.759582 0.055233 0.041812
0 0.228198 0.738676 0.026163 0.055749
0 0.199128 0.771777 0.031977 0.059233
0 0.220930 0.867596 0.046512 0.048780
0 0.873547 0.775261 0.031977 0.066202
0 0.857558 0.733449 0.023256 0.052265
0 0.911337 0.623693 0.037791 0.062718
0 0.893895 0.674216 0.049419 0.066202
0 0.975291 0.540070 0.043605 0.041812
0 0.718023 0.257840 0.058140 0.048780
0 0.500000 0.379791 0.029070 0.062718
0 0.418605 0.437282 0.052326 0.066202
0 0.446221 0.473868 0.072674 0.048780
0 0.302326 0.301394 0.023256 0.080139
0 0.204942 0.257840 0.061047 0.048780
0 0.125000 0.299652 0.063953 0.055749
0 0.049419 0.268293 0.040698 0.076655
0 0.245640 0.484321 0.043605 0.062718
0 0.315407 0.623693 0.049419 0.069686
0 0.345930 0.703833 0.046512 0.055749
0 0.505814 0.590592 0.058140 0.031359
0 0.731105 0.885017 0.055233 0.048780
0 0.796512 0.864111 0.063953 0.055749
0 0.914244 0.796167 0.066860 0.059233
0 0.654070 0.466899 0.063953 0.055749
0 0.617733 0.487805 0.061047 0.048780
0 0.472384 0.642857 0.049419 0.024390
0 0.409884 0.670732 0.081395 0.038328
0 0.481105 0.738676 0.049419 0.041812
0 0.468023 0.698606 0.063953 0.045296
0 0.200581 0.533101 0.052326 0.069686
0 0.072674 0.573171 0.058140 0.073171
0 0.094477 0.484321 0.072674 0.034843
0 0.264535 0.337979 0.052326 0.048780
0 0.111919 0.358885 0.049419 0.034843
0 0.183140 0.358885 0.052326 0.069686
0 0.199128 0.398955 0.061047 0.038328
0 0.575581 0.162021 0.017442 0.066202
0 0.531977 0.818815 0.029070 0.048780
0 0.472384 0.867596 0.049419 0.083624
0 0.542151 0.925087 0.061047 0.045296
0 0.594477 0.808362 0.037791 0.055749
0 0.547965 0.878049 0.020349 0.048780
0 0.952035 0.831010 0.043605 0.066202
0 0.969477 0.865854 0.049419 0.052265
0 0.332849 0.534843 0.026163 0.073171
0 0.351744 0.571429 0.069767 0.048780
0 0.223837 0.623693 0.069767 0.041812
0 0.861919 0.557491 0.043605 0.034843
0 0.523256 0.257840 0.058140 0.055749
0 0.062500 0.390244 0.037791 0.083624
0 0.154070 0.585366 0.052326 0.055749
0 0.172965 0.865854 0.026163 0.066202
0 0.276163 0.879791 0.046512 0.052265
0 0.152616 0.775261 0.026163 0.052265
0 0.667151 0.848432 0.043605 0.101045
0 0.344477 0.331010 0.061047 0.090592
0 0.354651 0.411150 0.058140 0.041812
0 0.844477 0.940767 0.049419 0.069686
