0 0.947692 0.025547 0.030769 0.043796
0 0.858462 0.029197 0.061538 0.051095
0 0.886154 0.072993 0.018462 0.072993
0 0.895385 0.182482 0.061538 0.051095
0 0.815385 0.131387 0.061538 0.051095
0 0.847692 0.304745 0.064615 0.040146
0 0.741538 0.255474 0.043077 0.072993
0 0.790769 0.233577 0.061538 0.051095
0 0.703077 0.226277 0.027692 0.058394
0 0.676923 0.167883 0.043077 0.080292
0 0.518462 0.226277 0.058462 0.072993
0 0.552308 0.191606 0.052308 0.076642
0 0.578462 0.074818 0.067692 0.040146
0 0.472308 0.040146 0.027692 0.072993
0 0.383077 0.140511 0.052308 0.062044
0 0.333846 0.052920 0.070769 0.040146
0 0.281538 0.107664 0.064615 0.054745
0 0.272308 0.158759 0.064615 0.040146
0 0.241538 0.197080 0.052308 0.036496
0 0.200000 0.162409 0.061538 0.047445
0 0.135385 0.136861 0.086154 0.098540
0 0.087692 0.113139 0.033846 0.058394
0 0.058462 0.104015 0.055385 0.083942
0 0.061538 0.228102 0.061538 0.062044
0 0.209231 0.322993 0.049231 0.069343
0 0.263077 0.293796 0.033846 0.069343
0 0.432308 0.344891 0.058462 0.047445
0 0.510769 0.399635 0.049231 0.069343
0 0.598462 0.479927 0.070769 0.076642
0 0.635385 0.547445 0.052308 0.065693
0 0.744615 0.436131 0.036923 0.098540
0 0.770769 0.412409 0.015385 0.072993
0 0.836923 0.532847 0.055385 0.036496
0 0.803077 0.563869 0.036923 0.062044
0 0.332308 0.242701 0.073846 0.062044
0 0.300000 0.434307 0.064615 0.051095
0 0.195385 0.562044 0.058462 0.072993
0 0.036923 0.587591 0.067692 0.080292
0 0.310769 0.556569 0.067692 0.054745
0 0.373846 0.565693 0.046154 0.072993
0 0.396923 0.543796 0.049231 0.080292
0 0.530769 0.604015 0.052308 0.062044
0 0.655385 0.432482 0.024615 0.069343
0 0.800000 0.478102 0.036923 0.065693
0 0.924615 0.456204 0.040000 0.072993
0 0.963077 0.569343 0.055385 0.065693
0 0.855385 0.658759 0.067692 0.047445
0 0.812308 0.720803 0.086154 0.054745
0 0.590769 0.687956 0.067692 0.054745
0 0.469231 0.680657 0.046154 0.069343
0 0.350769 0.631387 0.073846 0.043796
0 0.187692 0.689781 0.067692 0.043796
0 0.373846 0.695255 0.052308 0.083942
0 0.438462 0.724453 0.033846 0.062044
0 0.432308 0.795620 0.046154 0.072993
0 0.396923 0.810219 0.030769 0.058394
0 0.370769 0.781022 0.052308 0.036496
0 0.309231 0.815693 0.058462 0.047445
0 0.220000 0.812044 0.033846 0.054745
0 0.640000 0.733577 0.043077 0.065693
0 0.670769 0.770073 0.036923 0.065693
0 0.758462 0.804745 0.040000 0.047445
0 0.838462 0.812044 0.040000 0.040146
0 0.835385 0.945255 0.070769 0.058394
0 0.764615 0.928832 0.027692 0.062044
0 0.575385 0.870438 0.055385 0.062044
0 0.126154 0.866788 0.036923 0.076642
0 0.129231 0.737226 0.049231 0.065693
0 0.075385 0.726277 0.058462 0.051095
0 0.063077 0.793796 0.064615 0.047445
0 0.049231 0.839416 0.092308 0.051095
0 0.041538 0.945255 0.027692 0.051095
0 0.020000 0.963504 0.033846 0.043796
0 0.192308 0.976277 0.058462 0.047445
0 0.284615 0.930657 0.058462 0.072993
0 0.224615 0.903285 0.049231 0.047445
0 0.224615 0.941606 0.073846 0.043796
0 0.087692 0.927007 0.058462 0.080292
0 0.146154 0.941606 0.040000 0.065693
0 0.478462 0.923358 0.033846 0.043796
0 0.720000 0.850365 0.049231 0.036496
0 0.663077 0.857664 0.046154 0.072993
0 0.610769 0.959854 0.033846 0.058394
0 0.641538 0.950730 0.040000 0.047445
0 0.675385 0.921533 0.033846 0.047445
0 0.712308 0.914234 0.052308 0.047445
0 0.526154 0.947080 0.067692 0.083942
0 0.376923 0.956204 0.058462 0.043796
0 0.233846 0.492701 0.024615 0.072993
