0 0.843750 0.655556 0.042763 0.041270
0 0.914474 0.661905 0.052632 0.053968
0 0.917763 0.042857 0.046053 0.060317
0 0.828947 0.030159 0.072368 0.034921
0 0.743421 0.071429 0.059211 0.047619
0 0.689145 0.111111 0.042763 0.088889
0 0.631579 0.071429 0.039474 0.060317
0 0.560855 0.080952 0.042763 0.053968
0 0.593750 0.098413 0.036184 0.050794
0 0.516447 0.074603 0.032895 0.041270
0 0.486842 0.134921 0.072368 0.079365
0 0.455592 0.160317 0.049342 0.041270
0 0.552632 0.184127 0.032895 0.069841
0 0.356908 0.203175 0.075658 0.044444
0 0.299342 0.203175 0.032895 0.057143
0 0.276316 0.195238 0.046053 0.066667
0 0.203947 0.157143 0.078947 0.066667
0 0.184211 0.071429 0.059211 0.060317
0 0.302632 0.139683 0.072368 0.063492
0 0.365132 0.138095 0.032895 0.053968
0 0.324013 0.076190 0.049342 0.050794
0 0.514803 0.280952 0.049342 0.053968
0 0.444079 0.230159 0.039474 0.053968
0 0.411184 0.222222 0.032895 0.050794
0 0.490132 0.226984 0.052632 0.060317
0 0.593750 0.265079 0.049342 0.047619
0 0.667763 0.293651 0.026316 0.060317
0 0.699013 0.347619 0.062500 0.047619
0 0.680921 0.223810 0.092105 0.053968
0 0.666118 0.180952 0.075658 0.057143
0 0.728618 0.157143 0.049342 0.073016
0 0.858553 0.149206 0.039474 0.044444
0 0.914474 0.101587 0.078947 0.038095
0 0.921053 0.196825 0.059211 0.057143
0 0.914474 0.269841 0.039474 0.069841
0 0.774671 0.250794 0.055921 0.069841
0 0.814145 0.215873 0.055921 0.095238
0 0.988487 0.157143 0.023026 0.047619
0 0.942434 0.461905 0.082237 0.034921
0 0.924342 0.539683 0.065789 0.038095
0 0.942434 0.598413 0.069079 0.034921
0 0.967105 0.625397 0.065789 0.063492
0 0.949013 0.884127 0.062500 0.085714
0 0.866776 0.911111 0.023026 0.057143
0 0.883224 0.980952 0.055921 0.038095
0 0.832237 0.973016 0.032895 0.047619
0 0.750000 0.947619 0.059211 0.073016
0 0.527961 0.976190 0.055921 0.041270
0 0.429276 0.976190 0.049342 0.041270
0 0.491776 0.877778 0.049342 0.053968
0 0.689145 0.773016 0.069079 0.098413
0 0.761513 0.826984 0.055921 0.073016
0 0.860197 0.798413 0.036184 0.053968
0 0.792763 0.787302 0.059211 0.101587
0 0.618421 0.780952 0.046053 0.063492
0 0.416118 0.884127 0.036184 0.066667
0 0.356908 0.944444 0.049342 0.053968
0 0.254934 0.911111 0.069079 0.050794
0 0.187500 0.906349 0.078947 0.073016
0 0.141447 0.930159 0.052632 0.050794
0 0.215461 0.773016 0.036184 0.060317
0 0.317434 0.817460 0.042763 0.079365
0 0.425987 0.814286 0.062500 0.047619
0 0.452303 0.761905 0.042763 0.050794
0 0.472039 0.709524 0.075658 0.066667
0 0.335526 0.704762 0.059211 0.044444
0 0.264803 0.660317 0.049342 0.057143
0 0.472039 0.569841 0.075658 0.060317
0 0.702303 0.657143 0.055921 0.063492
0 0.560855 0.682540 0.062500 0.038095
0 0.564145 0.626984 0.082237 0.066667
0 0.629934 0.692063 0.049342 0.069841
0 0.669408 0.611111 0.055921 0.022222
0 0.682566 0.539683 0.055921 0.069841
0 0.718750 0.430159 0.055921 0.066667
0 0.646382 0.412698 0.082237 0.057143
0 0.577303 0.441270 0.042763 0.076190
0 0.384868 0.480952 0.052632 0.085714
0 0.281250 0.466667 0.055921 0.069841
0 0.289474 0.526984 0.065789 0.057143
0 0.074013 0.558730 0.042763 0.063492
0 0.042763 0.528571 0.046053 0.053968
0 0.131579 0.566667 0.065789 0.066667
0 0.363487 0.407937 0.062500 0.047619
0 0.215461 0.306349 0.062500 0.034921
0 0.289474 0.334921 0.052632 0.060317
0 0.319079 0.309524 0.039474 0.066667
0 0.264803 0.268254 0.036184 0.060317
0 0.133224 0.241270 0.049342 0.025397
0 0.141447 0.304762 0.065789 0.031746
0 0.184211 0.347619 0.072368 0.060317
0 0.082237 0.877778 0.046053 0.066667
0 0.101974 0.968254 0.052632 0.057143
0 0.088816 0.185714 0.052632 0.047619
0 0.976974 0.761905 0.046053 0.050794
0 0.819079 0.398413 0.065789 0.066667
0 0.901316 0.377778 0.072368 0.050794
0 0.842105 0.325397 0.046053 0.053968
0 0.807566 0.350794 0.069079 0.041270
0 0.111842 0.376190 0.065789 0.060317
0 0.154605 0.490476 0.039474 0.073016
0 0.208882 0.531746 0.069079 0.073016
0 0.565789 0.730159 0.072368 0.044444
0 0.417763 0.063492 0.072368 0.038095
0 0.427632 0.100000 0.032895 0.047619
0 0.384868 0.093651 0.065789 0.034921
