0 0.591691 0.360129 0.037249 0.083601
0 0.014327 0.152733 0.022923 0.054662
0 0.058739 0.098071 0.037249 0.048232
0 0.078797 0.131833 0.031519 0.057878
0 0.136103 0.099678 0.042980 0.070740
0 0.183381 0.141479 0.034384 0.077170
0 0.186246 0.099678 0.057307 0.057878
0 0.277937 0.072347 0.045845 0.080386
0 0.287966 0.133441 0.048711 0.061093
0 0.250716 0.152733 0.060172 0.073955
0 0.411175 0.043408 0.054441 0.061093
0 0.520057 0.096463 0.065903 0.057878
0 0.522923 0.147910 0.048711 0.064309
0 0.518625 0.218650 0.045845 0.057878
0 0.487106 0.157556 0.028653 0.077170
0 0.385387 0.217042 0.060172 0.061093
0 0.338109 0.221865 0.028653 0.070740
0 0.305158 0.287781 0.048711 0.061093
0 0.071633 0.252412 0.028653 0.073955
0 0.063037 0.308682 0.057307 0.051447
0 0.160458 0.250804 0.057307 0.032154
0 0.120344 0.295820 0.051576 0.045016
0 0.127507 0.239550 0.037249 0.048232
0 0.469914 0.429260 0.051576 0.099678
0 0.402579 0.442122 0.088825 0.061093
0 0.471347 0.348875 0.065903 0.054662
0 0.565903 0.262058 0.037249 0.067524
0 0.563037 0.467846 0.037249 0.073955
0 0.608883 0.450161 0.037249 0.070740
0 0.671920 0.429260 0.048711 0.086817
0 0.773639 0.400322 0.045845 0.073955
0 0.819484 0.393891 0.057307 0.099678
0 0.885387 0.154341 0.063037 0.077170
0 0.691977 0.048232 0.054441 0.045016
0 0.812321 0.564309 0.037249 0.067524
0 0.820917 0.643087 0.060172 0.057878
0 0.871060 0.697749 0.045845 0.051447
0 0.789398 0.689711 0.054441 0.041801
0 0.720630 0.765273 0.088825 0.070740
0 0.412607 0.554662 0.051576 0.106109
0 0.425501 0.752412 0.054441 0.070740
0 0.468481 0.731511 0.025788 0.061093
0 0.273639 0.667203 0.071633 0.067524
0 0.173352 0.638264 0.071633 0.061093
0 0.143266 0.569132 0.080229 0.070740
0 0.146132 0.504823 0.034384 0.064309
0 0.277937 0.456592 0.034384 0.057878
0 0.495702 0.900322 0.057307 0.064309
0 0.467049 0.945338 0.051576 0.045016
0 0.329513 0.951768 0.051576 0.051447
0 0.299427 0.869775 0.031519 0.080386
0 0.378223 0.882637 0.051576 0.041801
0 0.229226 0.934084 0.080229 0.061093
0 0.219198 0.784566 0.042980 0.109325
0 0.275072 0.782958 0.063037 0.086817
0 0.053009 0.755627 0.054441 0.051447
0 0.085960 0.717042 0.040115 0.057878
0 0.123209 0.709003 0.051576 0.054662
0 0.169054 0.710611 0.028653 0.051447
0 0.014327 0.771704 0.022923 0.083601
0 0.040115 0.887460 0.051576 0.057878
0 0.607450 0.929260 0.028653 0.064309
0 0.700573 0.937299 0.060172 0.061093
0 0.780802 0.895498 0.048711 0.054662
0 0.825215 0.945338 0.045845 0.057878
0 0.842407 0.901929 0.057307 0.061093
0 0.882521 0.942122 0.057307 0.045016
0 0.775072 0.982315 0.042980 0.028939
0 0.595989 0.697749 0.057307 0.045016
0 0.465616 0.527331 0.037249 0.070740
0 0.869628 0.852090 0.054441 0.045016
0 0.636103 0.053055 0.045845 0.041801
0 0.832378 0.125402 0.031519 0.051447
0 0.797994 0.051447 0.077364 0.045016
