0 0.537383 0.428115 0.059190 0.057508
0 0.677570 0.501597 0.052960 0.057508
0 0.738318 0.589457 0.043614 0.067093
0 0.676012 0.110224 0.049844 0.060703
0 0.556075 0.086262 0.071651 0.089457
0 0.604361 0.129393 0.037383 0.060703
0 0.676012 0.043131 0.037383 0.041534
0 0.691589 0.017572 0.056075 0.028754
0 0.764798 0.039936 0.040498 0.067093
0 0.813084 0.039936 0.049844 0.054313
0 0.836449 0.094249 0.065421 0.047923
0 0.573209 0.228435 0.080997 0.060703
0 0.632399 0.322684 0.068536 0.070288
0 0.697819 0.298722 0.049844 0.086262
0 0.928349 0.196486 0.043614 0.060703
0 0.968847 0.242812 0.062305 0.051118
0 0.965732 0.369010 0.031153 0.079872
0 0.848910 0.484026 0.059190 0.086262
0 0.764798 0.503195 0.046729 0.067093
0 0.529595 0.707668 0.056075 0.067093
0 0.524922 0.626198 0.071651 0.070288
0 0.573209 0.560703 0.049844 0.079872
0 0.690031 0.707668 0.090343 0.060703
0 0.742991 0.674121 0.040498 0.063898
0 0.683801 0.656550 0.065421 0.035144
0 0.309969 0.624601 0.090343 0.067093
0 0.331776 0.680511 0.065421 0.031949
0 0.414330 0.691693 0.037383 0.054313
0 0.454829 0.742812 0.049844 0.079872
0 0.425234 0.784345 0.034268 0.067093
0 0.482866 0.838658 0.043614 0.067093
0 0.409657 0.865815 0.046729 0.076677
0 0.387850 0.944089 0.046729 0.041534
0 0.484424 0.926518 0.052960 0.063898
0 0.655763 0.892971 0.040498 0.054313
0 0.543614 0.841853 0.077882 0.047923
0 0.582555 0.813099 0.062305 0.054313
0 0.702492 0.913738 0.052960 0.051118
0 0.370717 0.246006 0.099688 0.051118
0 0.389408 0.041534 0.049844 0.076677
0 0.260125 0.059105 0.040498 0.054313
0 0.294393 0.071885 0.034268 0.047923
0 0.333333 0.075080 0.049844 0.054313
0 0.359813 0.174121 0.052960 0.054313
0 0.409657 0.174121 0.046729 0.060703
0 0.795950 0.325879 0.077882 0.057508
0 0.708723 0.381789 0.052960 0.073482
0 0.742991 0.369010 0.046729 0.028754
0 0.457944 0.375399 0.049844 0.054313
0 0.394081 0.345048 0.040498 0.063898
0 0.127726 0.434505 0.049844 0.057508
0 0.060748 0.528754 0.071651 0.067093
0 0.079439 0.033546 0.059190 0.060703
0 0.161994 0.089457 0.062305 0.063898
0 0.115265 0.051118 0.056075 0.063898
0 0.236760 0.129393 0.068536 0.047923
0 0.200935 0.161342 0.102804 0.028754
0 0.174455 0.196486 0.068536 0.047923
0 0.230530 0.198083 0.031153 0.044728
0 0.291277 0.313099 0.065421 0.044728
0 0.042056 0.170927 0.065421 0.047923
0 0.060748 0.138978 0.065421 0.047923
0 0.476636 0.041534 0.056075 0.063898
0 0.060748 0.450479 0.059190 0.051118
0 0.177570 0.407348 0.043614 0.047923
0 0.180685 0.258786 0.068536 0.044728
0 0.151090 0.615016 0.034268 0.060703
0 0.269470 0.821086 0.028037 0.044728
0 0.314642 0.803514 0.037383 0.054313
0 0.356698 0.765176 0.046729 0.041534
0 0.183801 0.734824 0.043614 0.051118
0 0.152648 0.714058 0.031153 0.054313
0 0.146417 0.827476 0.062305 0.051118
0 0.225857 0.872204 0.052960 0.038339
0 0.330218 0.915335 0.062305 0.060703
0 0.373832 0.883387 0.043614 0.060703
0 0.774143 0.929712 0.034268 0.044728
0 0.875389 0.888179 0.043614 0.057508
0 0.811526 0.976038 0.052960 0.041534
0 0.242991 0.726837 0.068536 0.047923
0 0.165109 0.873802 0.043614 0.035144
0 0.190031 0.910543 0.080997 0.044728
0 0.683801 0.955272 0.084112 0.038339
0 0.852025 0.784345 0.052960 0.047923
0 0.897196 0.781150 0.056075 0.041534
0 0.886293 0.825879 0.077882 0.035144
0 0.925234 0.854633 0.062305 0.035144
0 0.825545 0.854633 0.056075 0.047923
0 0.971963 0.669329 0.043614 0.060703
0 0.920561 0.568690 0.052960 0.051118
0 0.934579 0.525559 0.056075 0.035144
0 0.975078 0.586262 0.049844 0.060703
0 0.274143 0.418530 0.068536 0.051118
0 0.257009 0.458466 0.052960 0.054313
0 0.951713 0.948882 0.052960 0.070288
0 0.099688 0.720447 0.056075 0.067093
0 0.107477 0.878594 0.040498 0.063898
0 0.975078 0.099042 0.049844 0.031949
