0 0.403683 0.160665 0.059490 0.049861
0 0.475921 0.200831 0.045326 0.036011
0 0.586402 0.488920 0.050992 0.052632
0 0.128895 0.037396 0.048159 0.058172
0 0.191218 0.063712 0.042493 0.033241
0 0.242210 0.076177 0.070822 0.024931
0 0.280453 0.108033 0.039660 0.044321
0 0.315864 0.091413 0.042493 0.060942
0 0.334278 0.024931 0.067989 0.033241
0 0.463173 0.095568 0.065156 0.069252
0 0.524079 0.157895 0.050992 0.049861
0 0.590652 0.162050 0.031161 0.058172
0 0.582153 0.242382 0.048159 0.036011
0 0.620397 0.247922 0.039660 0.047091
0 0.720963 0.204986 0.031161 0.072022
0 0.692635 0.127424 0.036827 0.060942
0 0.631728 0.108033 0.062323 0.044321
0 0.832861 0.099723 0.073654 0.033241
0 0.866856 0.074792 0.062323 0.044321
0 0.807365 0.033241 0.045326 0.060942
0 0.759207 0.015235 0.045326 0.024931
0 0.440510 0.019391 0.070822 0.027701
0 0.577904 0.020776 0.039660 0.024931
0 0.868272 0.232687 0.042493 0.044321
0 0.912181 0.264543 0.056657 0.052632
0 0.936261 0.225762 0.053824 0.047091
0 0.924929 0.364266 0.082153 0.052632
0 0.801700 0.304709 0.033994 0.055402
0 0.825779 0.282548 0.025496 0.049861
0 0.696884 0.385042 0.062323 0.033241
0 0.652975 0.451524 0.059490 0.060942
0 0.708215 0.418283 0.062323 0.033241
0 0.760623 0.466759 0.048159 0.052632
0 0.845609 0.468144 0.059490 0.038781
0 0.798867 0.596953 0.073654 0.052632
0 0.696884 0.569252 0.045326 0.041551
0 0.640227 0.580332 0.067989 0.047091
0 0.694051 0.637119 0.056657 0.060942
0 0.548159 0.556787 0.048159 0.072022
0 0.417847 0.479224 0.059490 0.044321
0 0.369688 0.504155 0.053824 0.066482
0 0.382436 0.360111 0.045326 0.055402
0 0.434844 0.295014 0.053824 0.019391
0 0.481586 0.314404 0.050992 0.047091
0 0.209632 0.265928 0.045326 0.049861
0 0.154391 0.268698 0.036827 0.049861
0 0.169972 0.331025 0.045326 0.047091
0 0.080737 0.268698 0.036827 0.055402
0 0.069405 0.152355 0.048159 0.049861
0 0.094901 0.128809 0.059490 0.036011
0 0.211048 0.137119 0.042493 0.052632
0 0.260623 0.426593 0.022663 0.044321
0 0.174221 0.405817 0.053824 0.019391
0 0.052408 0.437673 0.048159 0.072022
0 0.133144 0.494460 0.056657 0.041551
0 0.079320 0.529086 0.045326 0.060942
0 0.090652 0.601108 0.033994 0.055402
0 0.101983 0.639889 0.039660 0.055402
0 0.075071 0.702216 0.042493 0.063712
0 0.094901 0.779778 0.053824 0.030471
0 0.070822 0.824100 0.050992 0.052632
0 0.126062 0.879501 0.059490 0.069252
0 0.194051 0.929363 0.070822 0.041551
0 0.195467 0.865651 0.028329 0.036011
0 0.226629 0.878116 0.039660 0.049861
0 0.168555 0.818560 0.053824 0.024931
0 0.160057 0.752078 0.042493 0.063712
0 0.266289 0.689751 0.050992 0.066482
0 0.330028 0.783934 0.059490 0.060942
0 0.279037 0.837950 0.042493 0.058172
0 0.072238 0.973684 0.036827 0.052632
0 0.559490 0.936288 0.059490 0.038781
0 0.603399 0.908587 0.039660 0.038781
0 0.528329 0.851801 0.053824 0.041551
0 0.341360 0.976454 0.065156 0.041551
0 0.195467 0.987535 0.056657 0.024931
0 0.569405 0.972299 0.039660 0.049861
0 0.825779 0.980609 0.082153 0.033241
0 0.924929 0.987535 0.031161 0.024931
0 0.871105 0.951524 0.065156 0.036011
0 0.862606 0.900277 0.065156 0.055402
0 0.811615 0.908587 0.048159 0.044321
0 0.769122 0.869806 0.048159 0.066482
0 0.733711 0.837950 0.039660 0.074792
0 0.753541 0.768698 0.079320 0.069252
0 0.686969 0.818560 0.025496 0.058172
0 0.684136 0.778393 0.042493 0.044321
0 0.674221 0.742382 0.056657 0.055402
0 0.586402 0.800554 0.050992 0.049861
0 0.593484 0.759003 0.053824 0.027701
0 0.463173 0.765928 0.042493 0.069252
0 0.501416 0.707756 0.039660 0.052632
0 0.410765 0.738227 0.050992 0.052632
0 0.351275 0.716066 0.039660 0.063712
0 0.220963 0.616343 0.050992 0.041551
0 0.297450 0.580332 0.039660 0.069252
0 0.257790 0.558172 0.028329 0.052632
0 0.225212 0.542936 0.048159 0.055402
0 0.191218 0.581717 0.053824 0.055402
0 0.184136 0.533241 0.028329 0.058172
0 0.583569 0.400277 0.050992 0.058172
0 0.793201 0.180055 0.062323 0.066482
0 0.917847 0.872576 0.056657 0.044321
0 0.978754 0.821330 0.019830 0.030471
