0 0.263291 0.577748 0.045570 0.056300
0 0.300000 0.596515 0.032911 0.040214
0 0.310127 0.632708 0.058228 0.042895
0 0.300000 0.697051 0.068354 0.037534
0 0.326582 0.674263 0.065823 0.034853
0 0.474684 0.660858 0.073418 0.050938
0 0.488608 0.729223 0.040506 0.058981
0 0.426582 0.753351 0.037975 0.048257
0 0.377215 0.761394 0.055696 0.037534
0 0.248101 0.772118 0.040506 0.053619
0 0.192405 0.848525 0.030380 0.050938
0 0.262025 0.890080 0.048101 0.048257
0 0.281013 0.935657 0.035443 0.058981
0 0.329114 0.926273 0.035443 0.045576
0 0.426582 0.924933 0.032911 0.042895
0 0.487342 0.906166 0.048101 0.042895
0 0.454430 0.831099 0.053165 0.037534
0 0.462025 0.967828 0.048101 0.037534
0 0.415190 0.958445 0.055696 0.018767
0 0.122785 0.927614 0.043038 0.042895
0 0.024051 0.843164 0.043038 0.029491
0 0.035443 0.971850 0.035443 0.045576
0 0.131646 0.983914 0.030380 0.032172
0 0.700000 0.915550 0.037975 0.045576
0 0.806329 0.886059 0.058228 0.072386
0 0.834177 0.829759 0.043038 0.083110
0 0.874684 0.820375 0.027848 0.053619
0 0.892405 0.790885 0.037975 0.026810
0 0.939241 0.805630 0.025316 0.061662
0 0.970886 0.798928 0.027848 0.053619
0 0.951899 0.741287 0.045570 0.024129
0 0.882278 0.743968 0.037975 0.040214
0 0.815190 0.756032 0.050633 0.037534
0 0.787342 0.686327 0.045570 0.026810
0 0.692405 0.699732 0.043038 0.075067
0 0.897468 0.627346 0.043038 0.069705
0 0.859494 0.596515 0.022785 0.050938
0 0.872152 0.542895 0.043038 0.056300
0 0.711392 0.589812 0.025316 0.058981
0 0.589873 0.567024 0.040506 0.050938
0 0.539241 0.628686 0.055696 0.029491
0 0.494937 0.607239 0.032911 0.045576
0 0.518987 0.577748 0.050633 0.050938
0 0.626582 0.498660 0.048101 0.053619
0 0.696203 0.520107 0.045570 0.037534
0 0.844304 0.431635 0.058228 0.042895
0 0.664557 0.388740 0.027848 0.058981
0 0.555696 0.415550 0.022785 0.064343
0 0.500000 0.387399 0.022785 0.067024
0 0.489873 0.471850 0.022785 0.053619
0 0.413924 0.380697 0.053165 0.042895
0 0.358228 0.355228 0.053165 0.024129
0 0.339241 0.298928 0.050633 0.050938
0 0.278481 0.317694 0.040506 0.034853
0 0.208861 0.269437 0.048101 0.040214
0 0.202532 0.237265 0.025316 0.040214
0 0.121519 0.325737 0.055696 0.029491
0 0.154430 0.418231 0.035443 0.053619
0 0.208861 0.473190 0.022785 0.050938
0 0.132911 0.449062 0.037975 0.045576
0 0.040506 0.359249 0.075949 0.048257
0 0.031646 0.260054 0.048101 0.042895
0 0.048101 0.215818 0.065823 0.045576
0 0.108861 0.046917 0.040506 0.045576
0 0.301266 0.135389 0.040506 0.040214
0 0.305063 0.052279 0.053165 0.045576
0 0.558228 0.104558 0.053165 0.042895
0 0.518987 0.072386 0.040506 0.042895
0 0.473418 0.115282 0.055696 0.037534
0 0.525316 0.340483 0.053165 0.037534
0 0.829114 0.329759 0.053165 0.032172
0 0.905063 0.294906 0.043038 0.058981
0 0.881013 0.239946 0.050633 0.061662
0 0.927848 0.187668 0.022785 0.069705
0 0.727848 0.154155 0.048101 0.040214
0 0.765823 0.127346 0.043038 0.045576
0 0.741772 0.184987 0.055696 0.037534
0 0.672152 0.288204 0.043038 0.056300
0 0.470886 0.276139 0.030380 0.058981
0 0.515190 0.252011 0.048101 0.075067
0 0.572152 0.290885 0.055696 0.077748
0 0.636709 0.277480 0.032911 0.040214
0 0.610127 0.277480 0.025316 0.050938
0 0.393671 0.239946 0.068354 0.029491
0 0.231646 0.016086 0.043038 0.026810
0 0.289873 0.016086 0.048101 0.026810
0 0.810127 0.022788 0.030380 0.024129
