0 0.063739 0.373016 0.059490 0.060317
0 0.174221 0.503175 0.036827 0.066667
0 0.294618 0.590476 0.056657 0.057143
0 0.196884 0.668254 0.036827 0.066667
0 0.060907 0.746032 0.053824 0.044444
0 0.195467 0.938095 0.056657 0.047619
0 0.126062 0.876190 0.036827 0.095238
0 0.152975 0.874603 0.033994 0.034921
0 0.281870 0.852381 0.036827 0.073016
0 0.223796 0.757143 0.050992 0.041270
0 0.543909 0.750794 0.050992 0.060317
0 0.685552 0.973016 0.050992 0.034921
0 0.798867 0.953968 0.056657 0.034921
0 0.900850 0.900000 0.067989 0.053968
0 0.923513 0.947619 0.050992 0.022222
0 0.361190 0.904762 0.053824 0.044444
0 0.352691 0.939683 0.059490 0.031746
0 0.395184 0.500000 0.053824 0.060317
0 0.515581 0.573016 0.045326 0.066667
0 0.313031 0.453968 0.031161 0.076190
0 0.216714 0.379365 0.065156 0.073016
0 0.185552 0.331746 0.065156 0.047619
0 0.175637 0.288889 0.096317 0.050794
0 0.079320 0.249206 0.033994 0.085714
0 0.144476 0.115873 0.022663 0.066667
0 0.015581 0.082540 0.025496 0.076190
0 0.162890 0.028571 0.048159 0.044444
0 0.198300 0.076190 0.039660 0.069841
0 0.254958 0.079365 0.039660 0.069841
0 0.698300 0.233333 0.053824 0.066667
0 0.566572 0.288889 0.039660 0.063492
0 0.511331 0.296825 0.042493 0.066667
0 0.454674 0.400000 0.053824 0.050794
0 0.593484 0.519048 0.048159 0.079365
0 0.616147 0.452381 0.031161 0.073016
0 0.737960 0.496825 0.059490 0.041270
0 0.776204 0.436508 0.045326 0.060317
0 0.817280 0.561905 0.076487 0.050794
0 0.854108 0.522222 0.065156 0.047619
0 0.920680 0.419048 0.050992 0.063492
0 0.888102 0.688889 0.059490 0.069841
0 0.973088 0.709524 0.053824 0.041270
0 0.974504 0.665079 0.050992 0.053968
0 0.793201 0.260317 0.056657 0.050794
0 0.691218 0.144444 0.033994 0.073016
0 0.798867 0.106349 0.067989 0.073016
0 0.531161 0.023810 0.031161 0.041270
0 0.330028 0.069841 0.082153 0.050794
0 0.794618 0.022222 0.065156 0.038095
0 0.889518 0.034921 0.050992 0.063492
0 0.985836 0.047619 0.028329 0.076190
0 0.978754 0.452381 0.042493 0.085714
0 0.701133 0.704762 0.065156 0.057143
0 0.371105 0.684127 0.045326 0.073016
0 0.273371 0.950794 0.048159 0.060317
0 0.321530 0.973016 0.059490 0.041270
0 0.029745 0.020635 0.025496 0.034921
0 0.500000 0.950794 0.059490 0.047619
0 0.495751 0.976190 0.056657 0.041270
0 0.097734 0.955556 0.110482 0.082540
0 0.601983 0.050794 0.053824 0.050794
0 0.665722 0.511111 0.050992 0.050794
0 0.977337 0.217460 0.039660 0.060317
0 0.260623 0.144444 0.050992 0.060317
0 0.310198 0.141270 0.059490 0.047619
