0 0.375723 0.481481 0.046243 0.096866
0 0.472543 0.569801 0.066474 0.056980
0 0.343931 0.700855 0.069364 0.045584
0 0.268786 0.668091 0.046243 0.042735
0 0.251445 0.730769 0.063584 0.031339
0 0.218208 0.767806 0.031792 0.048433
0 0.265896 0.907407 0.063584 0.042735
0 0.368497 0.931624 0.054913 0.056980
0 0.489884 0.871795 0.060694 0.068376
0 0.521676 0.972934 0.043353 0.042735
0 0.686416 0.772080 0.060694 0.091168
0 0.757225 0.824786 0.057803 0.071225
0 0.784682 0.786325 0.049133 0.085470
0 0.852601 0.799145 0.063584 0.059829
0 0.799133 0.878917 0.060694 0.054131
0 0.741329 0.944444 0.054913 0.076923
0 0.852601 0.907407 0.028902 0.059829
0 0.929191 0.880342 0.066474 0.074074
0 0.868497 0.980057 0.037572 0.034188
0 0.813584 0.972934 0.043353 0.048433
0 0.430636 0.970085 0.052023 0.054131
0 0.203757 0.904558 0.060694 0.059829
0 0.145954 0.931624 0.049133 0.045584
0 0.114162 0.968661 0.054913 0.056980
0 0.158960 0.975783 0.052023 0.042735
0 0.202312 0.672365 0.086705 0.062678
0 0.153179 0.487179 0.028902 0.051282
0 0.069364 0.554131 0.046243 0.071225
0 0.040462 0.522792 0.040462 0.054131
0 0.131503 0.559829 0.078035 0.059829
0 0.144509 0.528490 0.069364 0.031339
0 0.317919 0.810541 0.057803 0.065527
0 0.336705 0.754986 0.054913 0.056980
0 0.430636 0.813390 0.052023 0.048433
0 0.456647 0.757835 0.034682 0.051282
0 0.091040 0.867521 0.043353 0.059829
0 0.278902 0.460114 0.060694 0.054131
0 0.289017 0.518519 0.046243 0.079772
0 0.140173 0.304843 0.060694 0.039886
0 0.223988 0.304843 0.066474 0.039886
0 0.475434 0.715100 0.072254 0.068376
0 0.612717 0.776353 0.040462 0.065527
0 0.913295 0.535613 0.063584 0.051282
0 0.932081 0.468661 0.072254 0.037037
0 0.575145 0.447293 0.040462 0.062678
0 0.356936 0.397436 0.066474 0.048433
0 0.171965 0.340456 0.031792 0.042735
0 0.303468 0.300570 0.069364 0.065527
0 0.265896 0.259259 0.023121 0.068376
0 0.196532 0.145299 0.086705 0.051282
0 0.264451 0.179487 0.060694 0.045584
0 0.296243 0.192308 0.043353 0.054131
0 0.358382 0.125356 0.046243 0.056980
0 0.319364 0.056980 0.054913 0.056980
0 0.182081 0.045584 0.063584 0.068376
0 0.128613 0.226496 0.060694 0.025641
0 0.130058 0.377493 0.046243 0.054131
0 0.215318 0.514245 0.060694 0.037037
0 0.209538 0.549858 0.049133 0.039886
0 0.508671 0.277778 0.046243 0.054131
0 0.585260 0.254986 0.060694 0.048433
0 0.550578 0.180912 0.043353 0.076923
0 0.358382 0.193732 0.086705 0.056980
0 0.397399 0.216524 0.043353 0.039886
0 0.433526 0.213675 0.046243 0.068376
0 0.485549 0.210826 0.069364 0.051282
0 0.635838 0.403134 0.063584 0.059829
0 0.686416 0.353276 0.049133 0.062678
0 0.658960 0.294872 0.046243 0.059829
0 0.715318 0.434473 0.049133 0.071225
0 0.576590 0.632479 0.072254 0.051282
0 0.553468 0.685185 0.072254 0.037037
0 0.932081 0.613960 0.049133 0.059829
0 0.968208 0.628205 0.040462 0.076923
0 0.693642 0.658120 0.052023 0.056980
0 0.625723 0.689459 0.043353 0.062678
0 0.663295 0.528490 0.054913 0.065527
0 0.812139 0.401709 0.063584 0.062678
0 0.887283 0.380342 0.063584 0.025641
0 0.848266 0.145299 0.054913 0.056980
0 0.911850 0.099715 0.066474 0.028490
0 0.846821 0.044160 0.028902 0.071225
0 0.917630 0.192308 0.054913 0.054131
0 0.684971 0.101140 0.046243 0.094017
0 0.307803 0.112536 0.049133 0.037037
0 0.284682 0.129630 0.054913 0.037037
0 0.627168 0.051282 0.052023 0.056980
0 0.485549 0.132479 0.069364 0.076923
0 0.552023 0.075499 0.046243 0.042735
0 0.384393 0.091168 0.057803 0.028490
0 0.687861 0.209402 0.086705 0.059829
0 0.722543 0.141026 0.063584 0.065527
0 0.657514 0.170940 0.066474 0.062678
0 0.774566 0.259259 0.057803 0.039886
0 0.946532 0.356125 0.049133 0.062678
0 0.929191 0.327635 0.054913 0.051282
0 0.807803 0.344729 0.060694 0.045584
0 0.838150 0.329060 0.040462 0.054131
0 0.969653 0.747863 0.060694 0.059829
0 0.982659 0.155271 0.034682 0.054131
0 0.500000 0.056980 0.046243 0.062678
