0 0.133423 0.095166 0.051213 0.051360
0 0.179245 0.086103 0.051213 0.057402
0 0.278976 0.194864 0.035040 0.075529
0 0.152291 0.243202 0.045822 0.069486
0 0.043127 0.262840 0.080863 0.048338
0 0.084906 0.217523 0.040431 0.048338
0 0.102426 0.338369 0.048518 0.054381
0 0.122642 0.382175 0.040431 0.051360
0 0.016173 0.398792 0.026954 0.072508
0 0.049865 0.503021 0.051213 0.051360
0 0.056604 0.551360 0.032345 0.069486
0 0.064690 0.456193 0.037736 0.048338
0 0.154987 0.510574 0.045822 0.042296
0 0.188679 0.500000 0.037736 0.063444
0 0.223720 0.634441 0.053908 0.072508
0 0.277628 0.664653 0.048518 0.078550
0 0.309973 0.682779 0.043127 0.090634
0 0.191375 0.777946 0.037736 0.039275
0 0.323450 0.021148 0.048518 0.036254
0 0.456873 0.024169 0.035040 0.042296
0 0.557951 0.126888 0.064690 0.054381
0 0.192722 0.409366 0.029650 0.063444
0 0.295148 0.267372 0.045822 0.045317
0 0.369272 0.194864 0.070081 0.033233
0 0.051213 0.803625 0.048518 0.048338
0 0.792453 0.780967 0.075472 0.057402
0 0.830189 0.856495 0.064690 0.045317
0 0.342318 0.539275 0.037736 0.051360
0 0.397574 0.447130 0.045822 0.054381
0 0.287062 0.330816 0.056604 0.057402
0 0.245283 0.398792 0.059299 0.066465
0 0.355795 0.326284 0.059299 0.084592
0 0.431267 0.353474 0.064690 0.060423
0 0.518868 0.453172 0.061995 0.048338
0 0.433962 0.519637 0.048518 0.054381
0 0.470350 0.593656 0.072776 0.081571
0 0.382749 0.685801 0.091644 0.072508
0 0.362534 0.773414 0.040431 0.048338
0 0.397574 0.788520 0.061995 0.042296
0 0.619946 0.619335 0.032345 0.054381
0 0.675202 0.626888 0.051213 0.051360
0 0.528302 0.655589 0.032345 0.072508
0 0.463612 0.422961 0.053908 0.042296
0 0.435310 0.163142 0.061995 0.084592
0 0.412399 0.222054 0.048518 0.039275
0 0.570081 0.197885 0.061995 0.051360
0 0.661725 0.205438 0.045822 0.060423
0 0.579515 0.075529 0.064690 0.048338
0 0.756065 0.069486 0.051213 0.060423
0 0.828841 0.137462 0.051213 0.057402
0 0.893531 0.336858 0.040431 0.081571
0 0.818059 0.300604 0.056604 0.081571
0 0.808625 0.490937 0.053908 0.093656
0 0.664420 0.438066 0.051213 0.036254
0 0.870620 0.613293 0.032345 0.060423
0 0.827493 0.587613 0.037736 0.081571
0 0.842318 0.676737 0.040431 0.072508
0 0.781671 0.684290 0.075472 0.039275
0 0.745283 0.486405 0.045822 0.078550
0 0.703504 0.493958 0.048518 0.069486
0 0.607817 0.249245 0.056604 0.033233
0 0.610512 0.285498 0.045822 0.057402
0 0.668464 0.255287 0.070081 0.045317
