0 0.133550 0.126689 0.058632 0.064189
0 0.229642 0.092905 0.055375 0.070946
0 0.312704 0.067568 0.071661 0.040541
0 0.102606 0.035473 0.048860 0.064189
0 0.387622 0.065878 0.065147 0.057432
0 0.506515 0.064189 0.068404 0.047297
0 0.563518 0.084459 0.045603 0.054054
0 0.460912 0.028716 0.055375 0.043919
0 0.361564 0.143581 0.032573 0.064189
0 0.074919 0.244932 0.052117 0.070946
0 0.250814 0.180743 0.091205 0.070946
0 0.271987 0.199324 0.055375 0.054054
0 0.410423 0.217905 0.052117 0.064189
0 0.371336 0.280405 0.039088 0.040541
0 0.262215 0.295608 0.068404 0.030405
0 0.482085 0.331081 0.052117 0.060811
0 0.643322 0.216216 0.042345 0.060811
0 0.416938 0.293919 0.052117 0.040541
0 0.083062 0.405405 0.074919 0.047297
0 0.019544 0.324324 0.032573 0.067568
0 0.263844 0.366554 0.052117 0.037162
0 0.275244 0.444257 0.061889 0.064189
0 0.192182 0.542230 0.084691 0.064189
0 0.107492 0.555743 0.065147 0.064189
0 0.369707 0.603041 0.035831 0.064189
0 0.273616 0.682432 0.071661 0.060811
0 0.198697 0.648649 0.032573 0.060811
0 0.198697 0.712838 0.091205 0.067568
0 0.094463 0.837838 0.058632 0.067568
0 0.148208 0.853041 0.081433 0.064189
0 0.079805 0.633446 0.055375 0.064189
0 0.135179 0.618243 0.061889 0.060811
0 0.285016 0.770270 0.068404 0.054054
0 0.377850 0.778716 0.052117 0.070946
0 0.410423 0.707770 0.045603 0.064189
0 0.511401 0.677365 0.058632 0.057432
0 0.604235 0.775338 0.048860 0.070946
0 0.638436 0.854730 0.058632 0.067568
0 0.099349 0.689189 0.029316 0.067568
0 0.729642 0.717905 0.058632 0.064189
0 0.669381 0.692568 0.042345 0.054054
0 0.713355 0.834459 0.058632 0.054054
0 0.788274 0.711149 0.045603 0.064189
0 0.703583 0.241554 0.058632 0.043919
0 0.749186 0.172297 0.058632 0.074324
0 0.778502 0.113176 0.045603 0.064189
0 0.900651 0.089527 0.035831 0.064189
0 0.899023 0.158784 0.058632 0.054054
0 0.962541 0.167230 0.055375 0.064189
0 0.965798 0.222973 0.061889 0.047297
0 0.798046 0.265203 0.045603 0.064189
0 0.750814 0.336149 0.081433 0.064189
0 0.714984 0.486486 0.035831 0.081081
0 0.648208 0.506757 0.045603 0.074324
0 0.594463 0.478041 0.055375 0.084459
0 0.376221 0.393581 0.048860 0.070946
0 0.410423 0.423986 0.071661 0.037162
0 0.775244 0.555743 0.052117 0.070946
0 0.876221 0.586149 0.058632 0.077703
0 0.972313 0.576014 0.048860 0.050676
0 0.920195 0.500000 0.055375 0.047297
0 0.929967 0.383446 0.068404 0.091216
0 0.978827 0.750000 0.042345 0.087838
0 0.532573 0.864865 0.061889 0.047297
0 0.485342 0.912162 0.078176 0.054054
0 0.627036 0.915541 0.055375 0.047297
0 0.570033 0.907095 0.065147 0.030405
0 0.382736 0.842905 0.055375 0.023649
0 0.376221 0.873311 0.068404 0.037162
0 0.912052 0.702703 0.058632 0.067568
0 0.863192 0.736486 0.065147 0.067568
0 0.902280 0.792230 0.078176 0.050676
0 0.674267 0.361486 0.045603 0.087838
0 0.262215 0.023649 0.074919 0.040541
0 0.500000 0.271959 0.055375 0.057432
0 0.100977 0.787162 0.052117 0.040541
0 0.876221 0.873311 0.084691 0.050676
0 0.944625 0.930743 0.058632 0.050676
0 0.714984 0.576014 0.048860 0.050676
0 0.925081 0.445946 0.078176 0.040541
