0 0.209627 0.560563 0.065217 0.061972
0 0.343168 0.505634 0.046584 0.047887
0 0.375776 0.540845 0.074534 0.033803
0 0.428571 0.505634 0.055901 0.042254
0 0.392857 0.418310 0.065217 0.047887
0 0.229814 0.394366 0.055901 0.061972
0 0.287267 0.360563 0.083851 0.028169
0 0.364907 0.336620 0.046584 0.059155
0 0.257764 0.291549 0.055901 0.053521
0 0.167702 0.222535 0.062112 0.028169
0 0.164596 0.281690 0.043478 0.050704
0 0.093168 0.230986 0.049689 0.056338
0 0.055901 0.285915 0.037267 0.047887
0 0.153727 0.457746 0.046584 0.053521
0 0.113354 0.643662 0.083851 0.070423
0 0.027950 0.692958 0.049689 0.050704
0 0.032609 0.576056 0.059006 0.036620
0 0.040373 0.495775 0.049689 0.050704
0 0.046584 0.405634 0.062112 0.078873
0 0.072981 0.330986 0.065217 0.042254
0 0.023292 0.150704 0.034161 0.064789
0 0.127329 0.115493 0.062112 0.039437
0 0.159938 0.076056 0.071429 0.056338
0 0.236025 0.049296 0.062112 0.030986
0 0.285714 0.067606 0.049689 0.039437
0 0.335404 0.074648 0.055901 0.036620
0 0.245342 0.105634 0.068323 0.036620
0 0.206522 0.159155 0.052795 0.053521
0 0.200311 0.121127 0.052795 0.050704
0 0.326087 0.205634 0.031056 0.067606
0 0.391304 0.150704 0.049689 0.059155
0 0.442547 0.188732 0.046584 0.039437
0 0.450311 0.081690 0.062112 0.039437
0 0.607143 0.059155 0.071429 0.028169
0 0.574534 0.101408 0.043478 0.050704
0 0.664596 0.128169 0.068323 0.053521
0 0.673913 0.178873 0.055901 0.053521
0 0.602484 0.270423 0.062112 0.045070
0 0.523292 0.249296 0.052795 0.059155
0 0.490683 0.326761 0.043478 0.056338
0 0.687888 0.294366 0.090062 0.053521
0 0.787267 0.222535 0.052795 0.050704
0 0.923913 0.143662 0.052795 0.056338
0 0.958075 0.188732 0.071429 0.039437
0 0.973602 0.257746 0.052795 0.036620
0 0.754658 0.346479 0.055901 0.056338
0 0.889752 0.318310 0.065217 0.050704
0 0.840062 0.359155 0.059006 0.053521
0 0.871118 0.405634 0.071429 0.045070
0 0.923913 0.449296 0.052795 0.059155
0 0.973602 0.495775 0.046584 0.039437
0 0.830745 0.439437 0.071429 0.067606
0 0.725155 0.439437 0.077640 0.033803
0 0.591615 0.492958 0.059006 0.045070
0 0.658385 0.491549 0.055901 0.053521
0 0.622671 0.449296 0.046584 0.042254
0 0.840062 0.515493 0.052795 0.056338
0 0.784161 0.525352 0.046584 0.064789
0 0.892857 0.561972 0.034161 0.053521
0 0.776398 0.607042 0.074534 0.036620
0 0.854037 0.673239 0.062112 0.067606
0 0.897516 0.674648 0.049689 0.059155
0 0.978261 0.698592 0.043478 0.067606
0 0.919255 0.788732 0.068323 0.061972
0 0.694099 0.788732 0.052795 0.061972
0 0.666149 0.880282 0.059006 0.070423
0 0.630435 0.814085 0.049689 0.061972
0 0.616460 0.915493 0.065217 0.028169
0 0.703416 0.950704 0.071429 0.047887
0 0.768634 0.961972 0.065217 0.047887
0 0.526398 0.808451 0.040373 0.067606
0 0.490683 0.784507 0.049689 0.059155
0 0.566770 0.892958 0.046584 0.061972
0 0.295031 0.818310 0.055901 0.053521
0 0.307453 0.853521 0.062112 0.039437
0 0.245342 0.928169 0.062112 0.047887
0 0.215839 0.887324 0.027950 0.061972
0 0.059006 0.891549 0.055901 0.064789
0 0.111801 0.870423 0.049689 0.078873
0 0.110248 0.822535 0.077640 0.016901
0 0.156832 0.774648 0.046584 0.073239
0 0.304348 0.702817 0.068323 0.064789
0 0.454969 0.726761 0.065217 0.067606
0 0.535714 0.704225 0.027950 0.067606
0 0.572981 0.697183 0.034161 0.059155
0 0.650621 0.676056 0.034161 0.067606
0 0.506211 0.661972 0.068323 0.022535
0 0.490683 0.609859 0.037267 0.064789
0 0.383540 0.601408 0.083851 0.053521
0 0.565217 0.588732 0.062112 0.045070
0 0.619565 0.566197 0.071429 0.039437
0 0.622671 0.605634 0.077640 0.033803
0 0.187888 0.722535 0.059006 0.042254
0 0.454969 0.909859 0.077640 0.056338
0 0.495342 0.898592 0.065217 0.033803
0 0.487578 0.930986 0.055901 0.047887
