0 0.121017 0.225092 0.070561 0.073801
0 0.390364 0.187823 0.073596 0.080443
0 0.244689 0.066790 0.070561 0.076015
0 0.594461 0.263838 0.084219 0.076015
0 0.627466 0.346125 0.074355 0.070849
0 0.368741 0.373063 0.095599 0.058303
0 0.205615 0.473432 0.072838 0.090775
0 0.583839 0.505535 0.081184 0.078229
0 0.762898 0.484871 0.064492 0.070849
0 0.734825 0.575646 0.100910 0.066421
0 0.863429 0.074539 0.063733 0.048708
0 0.282246 0.654244 0.062215 0.086347
0 0.449924 0.521402 0.089530 0.068635
0 0.850152 0.610332 0.059939 0.090037
