0 0.308824 0.026158 0.049437 0.042507
0 0.550375 0.085831 0.079474 0.067030
0 0.437109 0.129428 0.050688 0.038692
0 0.479662 0.141144 0.066959 0.077384
0 0.605131 0.159673 0.066333 0.052316
0 0.421777 0.164033 0.062578 0.038147
0 0.443680 0.193460 0.061327 0.054496
0 0.536921 0.234877 0.066333 0.066485
0 0.747810 0.188556 0.081352 0.066485
0 0.872653 0.149046 0.058198 0.065940
0 0.933980 0.158311 0.066959 0.059401
0 0.882040 0.201362 0.079474 0.063760
0 0.290676 0.257493 0.076971 0.027793
0 0.343867 0.317984 0.045682 0.029973
0 0.429599 0.300545 0.070713 0.050681
0 0.766896 0.351499 0.056946 0.055586
0 0.873905 0.376022 0.058198 0.053406
0 0.789424 0.402997 0.044431 0.063760
0 0.534418 0.426975 0.085106 0.062670
0 0.392678 0.334605 0.051940 0.052316
0 0.340426 0.387466 0.083855 0.065395
0 0.345432 0.438420 0.106383 0.050681
0 0.755319 0.480654 0.063830 0.054496
0 0.753442 0.565940 0.078849 0.056131
0 0.493742 0.508719 0.100125 0.065940
0 0.550375 0.516894 0.048185 0.047411
0 0.566333 0.551499 0.058824 0.040327
0 0.472466 0.605722 0.078849 0.045232
0 0.658949 0.682289 0.078849 0.056676
0 0.777222 0.618529 0.060075 0.056676
0 0.823217 0.657766 0.055695 0.055586
0 0.796621 0.719346 0.047559 0.035967
0 0.321339 0.721526 0.064456 0.051226
0 0.636108 0.378747 0.049437 0.044687
0 0.455569 0.759673 0.061327 0.059946
