0 0.079609 0.127566 0.041899 0.079179
0 0.252793 0.064516 0.053073 0.076246
0 0.317039 0.083578 0.058659 0.067449
0 0.356145 0.180352 0.058659 0.073314
0 0.601955 0.181818 0.064246 0.064516
0 0.594972 0.068915 0.050279 0.073314
0 0.627095 0.052786 0.047486 0.070381
0 0.142458 0.087977 0.078212 0.052786
0 0.143855 0.136364 0.025140 0.073314
0 0.167598 0.140762 0.039106 0.064516
0 0.192737 0.190616 0.061453 0.070381
0 0.111732 0.217009 0.044693 0.070381
0 0.153631 0.212610 0.039106 0.061584
0 0.254190 0.271261 0.061453 0.049853
0 0.195531 0.313783 0.055866 0.070381
0 0.344972 0.313783 0.047486 0.087977
0 0.363128 0.278592 0.061453 0.070381
0 0.425978 0.306452 0.053073 0.067449
0 0.477654 0.222874 0.061453 0.046921
0 0.689944 0.218475 0.061453 0.067449
0 0.798883 0.222874 0.067039 0.058651
0 0.884078 0.205279 0.053073 0.046921
0 0.953911 0.126100 0.025140 0.093842
0 0.960894 0.196481 0.067039 0.070381
0 0.488827 0.275660 0.050279 0.052786
0 0.553073 0.249267 0.067039 0.046921
0 0.596369 0.387097 0.064246 0.082111
0 0.526536 0.376833 0.053073 0.061584
0 0.734637 0.434018 0.055866 0.064516
0 0.854749 0.435484 0.039106 0.067449
0 0.854749 0.472141 0.061453 0.041056
0 0.923184 0.517595 0.036313 0.061584
0 0.916201 0.565982 0.072626 0.064516
0 0.769553 0.500000 0.041899 0.049853
0 0.801676 0.489736 0.044693 0.070381
0 0.776536 0.552786 0.055866 0.055718
0 0.808659 0.615836 0.036313 0.082111
0 0.872905 0.662757 0.041899 0.058651
0 0.928771 0.715543 0.047486 0.070381
0 0.916201 0.785924 0.055866 0.070381
0 0.727654 0.686217 0.041899 0.052786
0 0.701117 0.624633 0.072626 0.076246
0 0.604749 0.538123 0.064246 0.049853
0 0.572626 0.593842 0.027933 0.061584
0 0.546089 0.454545 0.053073 0.046921
0 0.473464 0.457478 0.064246 0.070381
0 0.402235 0.391496 0.044693 0.061584
0 0.319832 0.426686 0.075419 0.061584
0 0.254190 0.488270 0.083799 0.079179
0 0.069832 0.533724 0.044693 0.076246
0 0.157821 0.585044 0.058659 0.067449
0 0.093575 0.617302 0.058659 0.061584
0 0.155028 0.687683 0.047486 0.073314
0 0.229050 0.674487 0.055866 0.070381
0 0.322626 0.598240 0.075419 0.064516
0 0.398045 0.570381 0.058659 0.061584
0 0.417598 0.526393 0.064246 0.043988
0 0.527933 0.711144 0.067039 0.067449
0 0.622905 0.734604 0.050279 0.061584
0 0.170391 0.777126 0.033520 0.058651
0 0.258380 0.753666 0.064246 0.076246
0 0.432961 0.739003 0.039106 0.070381
0 0.305866 0.875367 0.047486 0.055718
0 0.223464 0.884164 0.039106 0.055718
0 0.261173 0.882698 0.036313 0.070381
0 0.805866 0.857771 0.075419 0.067449
0 0.727654 0.856305 0.047486 0.087977
0 0.587989 0.846041 0.030726 0.067449
0 0.617318 0.837243 0.050279 0.073314
0 0.375698 0.847507 0.030726 0.035191
0 0.442737 0.878299 0.047486 0.043988
0 0.083799 0.772727 0.050279 0.061584
0 0.227654 0.953079 0.041899 0.058651
0 0.557263 0.928152 0.053073 0.055718
0 0.525140 0.951613 0.027933 0.061584
0 0.680168 0.932551 0.064246 0.070381
0 0.667598 0.961877 0.039106 0.058651
0 0.344972 0.762463 0.058659 0.052786
0 0.399441 0.919355 0.055866 0.067449
0 0.972067 0.872434 0.055866 0.049853
0 0.787709 0.263930 0.072626 0.041056
0 0.540503 0.284457 0.041899 0.058651
0 0.177374 0.444282 0.108939 0.061584
0 0.455307 0.923754 0.055866 0.046921
0 0.527933 0.491202 0.039106 0.067449
0 0.451117 0.497067 0.036313 0.055718
