0 0.121827 0.148688 0.040609 0.075802
0 0.168782 0.147230 0.032995 0.061224
0 0.215736 0.151603 0.035533 0.069971
0 0.057107 0.220117 0.053299 0.055394
0 0.137056 0.221574 0.055838 0.069971
0 0.236041 0.231778 0.050761 0.049563
0 0.285533 0.237609 0.048223 0.037901
0 0.247462 0.269679 0.043147 0.037901
0 0.172589 0.287172 0.060914 0.032070
0 0.175127 0.348397 0.071066 0.055394
0 0.040609 0.441691 0.055838 0.055394
0 0.039340 0.498542 0.063452 0.040816
0 0.233503 0.437318 0.045685 0.075802
0 0.291878 0.364431 0.065990 0.075802
0 0.381980 0.374636 0.048223 0.061224
0 0.461929 0.282799 0.030457 0.081633
0 0.496193 0.326531 0.038071 0.064140
0 0.531726 0.268222 0.027919 0.069971
0 0.590102 0.313411 0.053299 0.096210
0 0.658629 0.218659 0.058376 0.081633
0 0.654822 0.109329 0.060914 0.084548
0 0.506345 0.099125 0.043147 0.087464
0 0.550761 0.080175 0.045685 0.061224
0 0.387056 0.039359 0.078680 0.067055
0 0.823604 0.069971 0.073604 0.075802
0 0.757614 0.161808 0.068528 0.043732
0 0.958122 0.169096 0.048223 0.087464
0 0.829949 0.166181 0.045685 0.087464
0 0.864213 0.192420 0.043147 0.069971
0 0.762690 0.237609 0.038071 0.067055
0 0.751269 0.313411 0.040609 0.072886
0 0.791878 0.345481 0.045685 0.049563
0 0.819797 0.294461 0.055838 0.064140
0 0.884518 0.252187 0.088832 0.067055
0 0.868020 0.325073 0.071066 0.037901
0 0.887056 0.377551 0.053299 0.072886
0 0.973350 0.459184 0.043147 0.078717
0 0.916244 0.483965 0.045685 0.069971
0 0.841371 0.530612 0.053299 0.093294
0 0.870558 0.491254 0.050761 0.090379
0 0.752538 0.467930 0.043147 0.084548
0 0.724619 0.489796 0.058376 0.075802
0 0.653553 0.444606 0.073604 0.090379
0 0.605330 0.425656 0.053299 0.069971
0 0.592640 0.479592 0.063452 0.049563
0 0.668782 0.520408 0.058376 0.061224
0 0.601523 0.530612 0.076142 0.052478
0 0.501269 0.510204 0.078680 0.058309
0 0.505076 0.555394 0.050761 0.055394
0 0.552030 0.591837 0.048223 0.064140
0 0.416244 0.558309 0.065990 0.049563
0 0.368020 0.470845 0.065990 0.043732
0 0.398477 0.507289 0.060914 0.046647
0 0.303299 0.489796 0.053299 0.064140
0 0.167513 0.516035 0.060914 0.046647
0 0.096447 0.542274 0.040609 0.058309
0 0.088832 0.588921 0.076142 0.064140
0 0.230964 0.569971 0.055838 0.049563
0 0.290609 0.584548 0.058376 0.043732
0 0.332487 0.622449 0.040609 0.084548
0 0.336294 0.680758 0.032995 0.055394
0 0.365482 0.712828 0.040609 0.067055
0 0.413706 0.708455 0.071066 0.052478
0 0.489848 0.634111 0.065990 0.043732
0 0.506345 0.689504 0.038071 0.067055
0 0.560914 0.682216 0.045685 0.087464
0 0.621827 0.696793 0.040609 0.046647
0 0.776650 0.642857 0.050761 0.084548
0 0.696701 0.676385 0.088832 0.052478
0 0.668782 0.772595 0.043147 0.081633
0 0.829949 0.706997 0.030457 0.055394
0 0.890863 0.720117 0.035533 0.075802
0 0.469543 0.785714 0.050761 0.072886
0 0.591371 0.906706 0.045685 0.069971
0 0.701777 0.889213 0.038071 0.052478
0 0.736041 0.852770 0.065990 0.049563
0 0.826142 0.864431 0.043147 0.043732
0 0.897208 0.865889 0.053299 0.034985
0 0.939086 0.814869 0.050761 0.072886
0 0.776650 0.912536 0.081218 0.040816
0 0.714467 0.940233 0.073604 0.055394
0 0.437817 0.849854 0.053299 0.043732
0 0.408629 0.801749 0.050761 0.075802
0 0.345178 0.803207 0.040609 0.084548
0 0.270305 0.686589 0.058376 0.037901
0 0.257614 0.620991 0.027919 0.058309
0 0.181472 0.604956 0.058376 0.055394
0 0.178934 0.655977 0.038071 0.069971
0 0.142132 0.610787 0.045685 0.032070
0 0.211929 0.688047 0.027919 0.069971
0 0.053299 0.686589 0.050761 0.067055
0 0.102792 0.740525 0.048223 0.058309
0 0.092640 0.806122 0.078680 0.067055
0 0.204315 0.793003 0.043147 0.058309
0 0.265228 0.833819 0.043147 0.069971
0 0.289340 0.809038 0.050761 0.037901
0 0.315990 0.848397 0.027919 0.058309
0 0.317259 0.879009 0.071066 0.043732
0 0.362944 0.913994 0.045685 0.043732
0 0.436548 0.919825 0.071066 0.026239
0 0.461929 0.965015 0.055838 0.069971
0 0.399746 0.957726 0.022843 0.072886
0 0.228426 0.903790 0.055838 0.052478
0 0.148477 0.887755 0.053299 0.055394
0 0.167513 0.985423 0.086294 0.029155
0 0.354061 0.972303 0.053299 0.055394
0 0.289340 0.947522 0.060914 0.052478
