0 0.132530 0.084046 0.054217 0.076923
0 0.174699 0.089744 0.042169 0.054131
0 0.323795 0.037037 0.069277 0.068376
0 0.397590 0.054131 0.060241 0.056980
0 0.451807 0.044160 0.054217 0.065527
0 0.435241 0.133903 0.045181 0.051282
0 0.489458 0.141026 0.033133 0.048433
0 0.525602 0.165242 0.033133 0.051282
0 0.569277 0.176638 0.054217 0.028490
0 0.570783 0.215100 0.039157 0.048433
0 0.695783 0.049858 0.054217 0.059829
0 0.736446 0.037037 0.039157 0.062678
0 0.784639 0.068376 0.069277 0.034188
0 0.777108 0.102564 0.072289 0.045584
0 0.706325 0.145299 0.063253 0.051282
0 0.796687 0.183761 0.039157 0.037037
0 0.750000 0.195157 0.048193 0.076923
0 0.831325 0.193732 0.042169 0.079772
0 0.909639 0.188034 0.060241 0.022792
0 0.902108 0.215100 0.075301 0.037037
0 0.759036 0.289174 0.054217 0.071225
0 0.638554 0.123932 0.066265 0.082621
0 0.614458 0.180912 0.048193 0.054131
0 0.629518 0.227920 0.060241 0.045584
0 0.493976 0.252137 0.054217 0.065527
0 0.444277 0.180912 0.069277 0.042735
0 0.210843 0.052707 0.054217 0.042735
0 0.233434 0.098291 0.051205 0.054131
0 0.305723 0.116809 0.081325 0.039886
0 0.256024 0.142450 0.054217 0.068376
0 0.302711 0.152422 0.039157 0.065527
0 0.209337 0.155271 0.051205 0.065527
0 0.159639 0.169516 0.060241 0.042735
0 0.173193 0.200855 0.063253 0.037037
0 0.094880 0.202279 0.069277 0.056980
0 0.195783 0.240741 0.084337 0.037037
0 0.257530 0.254986 0.045181 0.054131
0 0.316265 0.223647 0.060241 0.059829
0 0.427711 0.220798 0.066265 0.048433
0 0.403614 0.256410 0.054217 0.074074
0 0.376506 0.351852 0.066265 0.059829
0 0.454819 0.316239 0.048193 0.056980
0 0.451807 0.377493 0.054217 0.059829
0 0.278614 0.344729 0.063253 0.056980
0 0.103916 0.374644 0.063253 0.042735
0 0.219880 0.377493 0.072289 0.048433
0 0.296687 0.417379 0.069277 0.065527
0 0.067771 0.460114 0.075301 0.099715
0 0.088855 0.542735 0.069277 0.071225
0 0.168675 0.508547 0.054217 0.082621
0 0.310241 0.484330 0.066265 0.056980
0 0.460843 0.467236 0.060241 0.062678
0 0.546687 0.400285 0.045181 0.071225
0 0.683735 0.323362 0.054217 0.071225
0 0.606928 0.411681 0.057229 0.059829
0 0.822289 0.390313 0.072289 0.062678
0 0.843373 0.431624 0.084337 0.031339
0 0.911145 0.428775 0.039157 0.076923
0 0.971386 0.363248 0.039157 0.059829
0 0.721386 0.427350 0.051205 0.079772
0 0.686747 0.452991 0.078313 0.051282
0 0.643072 0.519943 0.063253 0.076923
0 0.533133 0.534188 0.090361 0.088319
0 0.362952 0.518519 0.051205 0.068376
0 0.451807 0.646724 0.072289 0.085470
0 0.509036 0.625356 0.066265 0.082621
0 0.278614 0.678063 0.063253 0.068376
0 0.373494 0.678063 0.072289 0.085470
0 0.466867 0.709402 0.066265 0.056980
0 0.427711 0.774929 0.078313 0.079772
0 0.248494 0.594017 0.057229 0.076923
0 0.161145 0.700855 0.057229 0.079772
0 0.064759 0.705128 0.045181 0.076923
0 0.156627 0.841880 0.054217 0.088319
0 0.215361 0.811966 0.063253 0.051282
0 0.259036 0.813390 0.036145 0.065527
0 0.316265 0.797721 0.060241 0.068376
0 0.338855 0.860399 0.069277 0.062678
0 0.212349 0.901709 0.057229 0.076923
0 0.128012 0.933048 0.051205 0.037037
0 0.100904 0.944444 0.063253 0.065527
0 0.055723 0.951567 0.081325 0.068376
0 0.424699 0.844729 0.042169 0.065527
0 0.584337 0.638177 0.060241 0.062678
0 0.685241 0.646724 0.051205 0.051282
0 0.882530 0.484330 0.048193 0.045584
0 0.912651 0.545584 0.054217 0.054131
0 0.831325 0.532764 0.066265 0.068376
0 0.855422 0.595442 0.072289 0.062678
0 0.814759 0.609687 0.051205 0.068376
0 0.759036 0.596866 0.060241 0.059829
0 0.704819 0.688034 0.060241 0.065527
0 0.664157 0.763533 0.063253 0.062678
0 0.826807 0.722222 0.075301 0.059829
0 0.948795 0.746439 0.084337 0.062678
0 0.884036 0.769231 0.063253 0.068376
0 0.923193 0.823362 0.051205 0.079772
0 0.798193 0.836182 0.054217 0.076923
0 0.807229 0.773504 0.084337 0.048433
0 0.700301 0.813390 0.069277 0.037037
0 0.753012 0.861823 0.042169 0.054131
0 0.733434 0.900285 0.039157 0.062678
0 0.793675 0.903134 0.075301 0.045584
0 0.899096 0.915954 0.063253 0.037037
0 0.941265 0.931624 0.033133 0.068376
0 0.847892 0.930199 0.021084 0.076923
0 0.614458 0.847578 0.066265 0.054131
0 0.490964 0.809117 0.048193 0.051282
0 0.492470 0.854701 0.069277 0.056980
0 0.450301 0.945869 0.045181 0.074074
0 0.567771 0.880342 0.033133 0.074074
0 0.605422 0.915954 0.042169 0.054131
0 0.703313 0.933048 0.051205 0.071225
0 0.745482 0.964387 0.069277 0.042735
0 0.894578 0.968661 0.048193 0.062678
