0 0.062169 0.120219 0.071429 0.032787
0 0.064815 0.170765 0.044974 0.062842
0 0.120370 0.172131 0.044974 0.038251
0 0.162698 0.173497 0.039683 0.062842
0 0.326720 0.077869 0.050265 0.062842
0 0.313492 0.165301 0.050265 0.019126
0 0.350529 0.188525 0.055556 0.043716
0 0.399471 0.143443 0.063492 0.046448
0 0.456349 0.127049 0.044974 0.073770
0 0.546296 0.062842 0.060847 0.060109
0 0.595238 0.147541 0.047619 0.065574
0 0.755291 0.103825 0.050265 0.071038
0 0.694444 0.183060 0.076720 0.054645
0 0.772487 0.189891 0.026455 0.062842
0 0.706349 0.244536 0.042328 0.062842
0 0.660053 0.269126 0.050265 0.046448
0 0.603175 0.225410 0.063492 0.073770
0 0.694444 0.315574 0.044974 0.057377
0 0.747354 0.329235 0.044974 0.051913
0 0.773810 0.263661 0.044974 0.035519
0 0.839947 0.260929 0.044974 0.040984
0 0.886243 0.191257 0.042328 0.065574
0 0.820106 0.312842 0.068783 0.040984
0 0.843915 0.362022 0.047619 0.057377
0 0.876984 0.443989 0.050265 0.068306
0 0.879630 0.531421 0.082011 0.051913
0 0.780423 0.536885 0.074074 0.046448
0 0.093915 0.232240 0.055556 0.054645
0 0.189153 0.237705 0.044974 0.049180
0 0.236772 0.245902 0.044974 0.038251
0 0.199735 0.274590 0.050265 0.035519
0 0.129630 0.278689 0.052910 0.038251
0 0.091270 0.304645 0.060847 0.051913
0 0.128307 0.337432 0.066138 0.051913
0 0.248677 0.348361 0.079365 0.057377
0 0.330688 0.363388 0.063492 0.043716
0 0.406085 0.263661 0.044974 0.062842
0 0.481481 0.266393 0.042328 0.084699
0 0.555556 0.319672 0.031746 0.071038
0 0.444444 0.319672 0.042328 0.076503
0 0.562169 0.404372 0.044974 0.060109
0 0.620370 0.419399 0.050265 0.068306
0 0.714286 0.401639 0.058201 0.054645
0 0.712963 0.446721 0.044974 0.062842
0 0.678571 0.461749 0.050265 0.087432
0 0.632275 0.480874 0.047619 0.049180
0 0.525132 0.427596 0.029101 0.068306
0 0.558201 0.457650 0.058201 0.040984
0 0.568783 0.501366 0.058201 0.040984
0 0.468254 0.435792 0.079365 0.046448
0 0.320106 0.405738 0.042328 0.040984
0 0.250000 0.407104 0.055556 0.054645
0 0.264550 0.454918 0.058201 0.040984
0 0.337302 0.448087 0.060847 0.027322
0 0.354497 0.464481 0.063492 0.027322
0 0.346561 0.489071 0.052910 0.032787
0 0.378307 0.519126 0.063492 0.049180
0 0.355820 0.532787 0.039683 0.065574
0 0.465608 0.476776 0.058201 0.035519
0 0.476190 0.512295 0.058201 0.046448
0 0.515873 0.543716 0.047619 0.043716
0 0.529101 0.616120 0.058201 0.073770
0 0.705026 0.562842 0.055556 0.049180
0 0.637566 0.586066 0.058201 0.068306
0 0.589947 0.640710 0.052910 0.046448
0 0.800265 0.502732 0.039683 0.065574
0 0.943122 0.651639 0.050265 0.057377
0 0.871693 0.665301 0.055556 0.068306
0 0.809524 0.654372 0.052910 0.051913
0 0.744709 0.586066 0.055556 0.057377
0 0.879630 0.560109 0.055556 0.065574
0 0.683862 0.102459 0.055556 0.068306
0 0.189153 0.519126 0.060847 0.049180
0 0.251323 0.536885 0.074074 0.030055
0 0.283069 0.565574 0.063492 0.032787
0 0.300265 0.583333 0.044974 0.035519
0 0.298942 0.637978 0.031746 0.068306
0 0.375661 0.654372 0.068783 0.062842
0 0.468254 0.636612 0.058201 0.060109
0 0.448413 0.586066 0.082011 0.040984
0 0.100529 0.431694 0.052910 0.071038
0 0.187831 0.400273 0.068783 0.079235
0 0.050265 0.472678 0.052910 0.071038
0 0.120370 0.549180 0.060847 0.054645
0 0.216931 0.620219 0.074074 0.027322
0 0.212963 0.632514 0.071429 0.035519
0 0.174603 0.594262 0.063492 0.057377
0 0.160053 0.636612 0.050265 0.054645
0 0.240741 0.677596 0.058201 0.054645
0 0.305556 0.737705 0.044974 0.060109
0 0.374339 0.732240 0.050265 0.054645
0 0.433862 0.721311 0.074074 0.071038
0 0.403439 0.788251 0.076720 0.046448
0 0.642857 0.726776 0.037037 0.098361
0 0.738095 0.659836 0.047619 0.046448
0 0.689153 0.754098 0.060847 0.032787
0 0.678571 0.792350 0.071429 0.043716
0 0.690476 0.829235 0.052910 0.062842
0 0.821429 0.747268 0.055556 0.046448
0 0.821429 0.803279 0.060847 0.032787
0 0.875661 0.795082 0.063492 0.043716
0 0.931217 0.754098 0.047619 0.071038
0 0.579365 0.833333 0.037037 0.071038
0 0.408730 0.848361 0.066138 0.046448
0 0.440476 0.893443 0.039683 0.060109
0 0.507937 0.874317 0.037037 0.065574
0 0.289683 0.830601 0.071429 0.038251
0 0.333333 0.852459 0.042328 0.054645
0 0.050265 0.680328 0.058201 0.065574
0 0.136243 0.691257 0.055556 0.054645
0 0.080688 0.741803 0.060847 0.046448
0 0.039683 0.754098 0.052910 0.043716
0 0.109788 0.840164 0.055556 0.040984
0 0.092593 0.883880 0.042328 0.062842
0 0.112434 0.915301 0.076720 0.043716
0 0.191799 0.844262 0.082011 0.038251
0 0.206349 0.879781 0.042328 0.060109
0 0.250000 0.883880 0.066138 0.051913
0 0.243386 0.759563 0.068783 0.038251
0 0.314815 0.924863 0.084656 0.046448
0 0.595238 0.937158 0.042328 0.076503
0 0.630952 0.937158 0.055556 0.060109
0 0.656085 0.885246 0.058201 0.065574
0 0.838624 0.920765 0.063492 0.076503
0 0.914021 0.926230 0.066138 0.054645
0 0.894180 0.954918 0.058201 0.062842
0 0.914021 0.845628 0.044974 0.057377
0 0.611111 0.980874 0.052910 0.038251
0 0.682540 0.975410 0.052910 0.049180
0 0.924603 0.150273 0.066138 0.038251
