0 0.064565 0.088957 0.051051 0.067485
0 0.132132 0.139571 0.072072 0.046012
0 0.192192 0.107362 0.054054 0.042945
0 0.178679 0.036810 0.063063 0.055215
0 0.255255 0.052147 0.060060 0.067485
0 0.277778 0.130368 0.069069 0.046012
0 0.333333 0.084356 0.060060 0.027607
0 0.378378 0.110429 0.066066 0.030675
0 0.417417 0.061350 0.066066 0.030675
0 0.506006 0.026074 0.087087 0.046012
0 0.626126 0.029141 0.051051 0.033742
0 0.575075 0.088957 0.063063 0.055215
0 0.722222 0.156442 0.039039 0.079755
0 0.594595 0.219325 0.042042 0.076687
0 0.542042 0.193252 0.063063 0.042945
0 0.500000 0.239264 0.069069 0.049080
0 0.445946 0.102761 0.057057 0.046012
0 0.492492 0.105828 0.042042 0.064417
0 0.421922 0.150307 0.045045 0.061350
0 0.423423 0.199387 0.072072 0.067485
0 0.114114 0.253067 0.066066 0.039877
0 0.222222 0.351227 0.084084 0.058282
0 0.334835 0.196319 0.099099 0.055215
0 0.331832 0.340491 0.069069 0.049080
0 0.581081 0.328221 0.051051 0.055215
0 0.636637 0.331288 0.054054 0.055215
0 0.737237 0.311350 0.057057 0.058282
0 0.617117 0.394172 0.075075 0.033742
0 0.699700 0.381902 0.072072 0.046012
0 0.846847 0.213190 0.066066 0.046012
0 0.828829 0.403374 0.042042 0.052147
0 0.972973 0.417178 0.054054 0.061350
0 0.983483 0.207055 0.033033 0.070552
0 0.651652 0.222393 0.024024 0.076687
0 0.333333 0.424847 0.084084 0.058282
0 0.370871 0.507669 0.063063 0.046012
0 0.490991 0.375767 0.069069 0.033742
0 0.537538 0.397239 0.054054 0.046012
0 0.551051 0.420245 0.057057 0.024540
0 0.536036 0.441718 0.063063 0.036810
0 0.618619 0.430982 0.036036 0.076687
0 0.743243 0.437117 0.051051 0.058282
0 0.810811 0.457055 0.054054 0.067485
0 0.843844 0.493865 0.060060 0.049080
0 0.932432 0.493865 0.051051 0.061350
0 0.969970 0.532209 0.060060 0.046012
0 0.920420 0.536810 0.045045 0.067485
0 0.229730 0.461656 0.063063 0.039877
0 0.189189 0.564417 0.084084 0.067485
0 0.321321 0.631902 0.060060 0.042945
0 0.460961 0.547546 0.057057 0.033742
0 0.400901 0.613497 0.039039 0.073620
0 0.459459 0.616564 0.066066 0.042945
0 0.186186 0.654908 0.048048 0.064417
0 0.124625 0.710123 0.039039 0.052147
0 0.280781 0.561350 0.051051 0.042945
0 0.650150 0.556748 0.051051 0.033742
0 0.588589 0.616564 0.030030 0.067485
0 0.714715 0.487730 0.066066 0.049080
0 0.770270 0.585890 0.069069 0.036810
0 0.674174 0.619632 0.093093 0.036810
0 0.927928 0.611963 0.084084 0.058282
0 0.057057 0.302147 0.066066 0.052147
0 0.219219 0.742331 0.054054 0.073620
0 0.265766 0.786810 0.045045 0.027607
0 0.315315 0.779141 0.060060 0.024540
0 0.348348 0.703988 0.066066 0.033742
0 0.469970 0.696319 0.069069 0.042945
0 0.671171 0.677914 0.051051 0.055215
0 0.747748 0.707055 0.054054 0.064417
0 0.735736 0.742331 0.054054 0.061350
0 0.699700 0.713190 0.036036 0.064417
0 0.615616 0.674847 0.048048 0.055215
0 0.777778 0.653374 0.066066 0.055215
0 0.334835 0.877301 0.063063 0.042945
0 0.370871 0.866564 0.051051 0.046012
0 0.406907 0.897239 0.057057 0.039877
0 0.537538 0.812883 0.054054 0.055215
0 0.471471 0.756135 0.066066 0.033742
0 0.566066 0.731595 0.063063 0.039877
0 0.768769 0.809816 0.036036 0.055215
0 0.933934 0.705521 0.036036 0.098160
0 0.259760 0.828221 0.081081 0.036810
0 0.150150 0.806748 0.066066 0.036810
0 0.138138 0.842025 0.054054 0.033742
0 0.159159 0.892638 0.108108 0.036810
0 0.225225 0.860429 0.054054 0.046012
0 0.412913 0.346626 0.057057 0.036810
0 0.366366 0.374233 0.078078 0.042945
0 0.741742 0.039877 0.066066 0.049080
0 0.848348 0.588957 0.063063 0.036810
0 0.954955 0.851227 0.054054 0.039877
0 0.897898 0.886503 0.066066 0.049080
0 0.908408 0.812883 0.057057 0.055215
0 0.866366 0.785276 0.057057 0.067485
0 0.872372 0.716258 0.063063 0.052147
0 0.972973 0.805215 0.054054 0.039877
0 0.660661 0.837423 0.060060 0.024540
0 0.596096 0.786810 0.081081 0.052147
0 0.501502 0.613497 0.060060 0.055215
0 0.596096 0.877301 0.099099 0.061350
0 0.683183 0.865031 0.045045 0.061350
0 0.714715 0.869632 0.042042 0.039877
0 0.752252 0.875767 0.051051 0.046012
0 0.274775 0.694785 0.075075 0.076687
0 0.091592 0.523006 0.051051 0.070552
0 0.108108 0.188650 0.060060 0.064417
0 0.207207 0.242331 0.054054 0.061350
0 0.771772 0.199387 0.066066 0.067485
0 0.863363 0.180982 0.057057 0.049080
0 0.570571 0.527607 0.054054 0.073620
