0 0.081944 0.038339 0.052778 0.051118
0 0.090278 0.076677 0.069444 0.038339
0 0.144444 0.094249 0.072222 0.041534
0 0.191667 0.137380 0.027778 0.051118
0 0.247222 0.055911 0.077778 0.035144
0 0.262500 0.124601 0.069444 0.044728
0 0.316667 0.113419 0.055556 0.060703
0 0.350000 0.102236 0.055556 0.063898
0 0.402778 0.089457 0.061111 0.044728
0 0.108333 0.150160 0.061111 0.051118
0 0.393056 0.220447 0.069444 0.038339
0 0.444444 0.247604 0.061111 0.060703
0 0.520833 0.247604 0.047222 0.041534
0 0.547222 0.150160 0.072222 0.038339
0 0.509722 0.113419 0.086111 0.035144
0 0.488889 0.083067 0.050000 0.057508
0 0.572222 0.051118 0.061111 0.076677
0 0.640278 0.113419 0.052778 0.067093
0 0.654167 0.063898 0.047222 0.070288
0 0.706944 0.052716 0.036111 0.067093
0 0.776389 0.044728 0.052778 0.051118
0 0.780556 0.075080 0.055556 0.035144
0 0.831944 0.067093 0.058333 0.051118
0 0.847222 0.145367 0.050000 0.060703
0 0.869444 0.092652 0.050000 0.044728
0 0.913889 0.140575 0.038889 0.063898
0 0.950000 0.031949 0.033333 0.057508
0 0.644444 0.164537 0.066667 0.041534
0 0.709722 0.150160 0.052778 0.057508
0 0.644444 0.257188 0.044444 0.047923
0 0.681944 0.236422 0.058333 0.057508
0 0.722222 0.228435 0.055556 0.054313
0 0.801389 0.151757 0.047222 0.067093
0 0.754167 0.124601 0.052778 0.051118
0 0.808333 0.250799 0.072222 0.060703
0 0.833333 0.212460 0.044444 0.054313
0 0.900000 0.230032 0.050000 0.057508
0 0.936111 0.357827 0.038889 0.076677
0 0.127778 0.191693 0.055556 0.038339
0 0.163889 0.238019 0.044444 0.086262
0 0.258333 0.246006 0.061111 0.044728
0 0.297222 0.287540 0.050000 0.051118
0 0.259722 0.348243 0.075000 0.044728
0 0.377778 0.375399 0.044444 0.060703
0 0.177778 0.373802 0.061111 0.076677
0 0.165278 0.423323 0.058333 0.060703
0 0.372222 0.479233 0.038889 0.063898
0 0.436111 0.381789 0.027778 0.067093
0 0.475000 0.429712 0.050000 0.054313
0 0.523611 0.476038 0.063889 0.063898
0 0.718056 0.333866 0.052778 0.035144
0 0.570833 0.265176 0.069444 0.051118
0 0.812500 0.340256 0.063889 0.047923
0 0.787500 0.375399 0.080556 0.041534
0 0.765278 0.404153 0.063889 0.054313
0 0.813889 0.432907 0.077778 0.060703
0 0.856944 0.567093 0.063889 0.035144
0 0.844444 0.642173 0.061111 0.057508
0 0.793056 0.605431 0.058333 0.041534
0 0.712500 0.594249 0.058333 0.038339
0 0.626389 0.484026 0.069444 0.041534
0 0.058333 0.591054 0.083333 0.031949
0 0.131944 0.563898 0.086111 0.035144
0 0.081944 0.408946 0.047222 0.038339
0 0.040278 0.380192 0.058333 0.031949
0 0.206944 0.437700 0.052778 0.063898
0 0.281944 0.779553 0.052778 0.019169
0 0.291667 0.806709 0.044444 0.054313
0 0.348611 0.710863 0.069444 0.054313
0 0.312500 0.661342 0.052778 0.038339
0 0.395833 0.581470 0.047222 0.089457
0 0.445833 0.541534 0.030556 0.079872
0 0.476389 0.603834 0.041667 0.083067
0 0.534722 0.555911 0.036111 0.063898
0 0.563889 0.578275 0.038889 0.076677
0 0.558333 0.640575 0.044444 0.073482
0 0.637500 0.581470 0.052778 0.070288
0 0.665278 0.710863 0.030556 0.079872
0 0.587500 0.837061 0.052778 0.070288
0 0.598611 0.888179 0.047222 0.031949
0 0.604167 0.948882 0.052778 0.051118
0 0.636111 0.918530 0.044444 0.047923
0 0.665278 0.956869 0.052778 0.028754
0 0.897222 0.784345 0.050000 0.041534
0 0.877778 0.744409 0.072222 0.044728
0 0.934722 0.701278 0.047222 0.047923
0 0.218056 0.600639 0.047222 0.051118
0 0.195833 0.538339 0.075000 0.073482
0 0.162500 0.698083 0.086111 0.041534
0 0.170833 0.638978 0.052778 0.031949
1 0.038889 0.710863 0.038889 0.054313
0 0.038889 0.709265 0.055556 0.070288
0 0.138889 0.760383 0.050000 0.044728
0 0.395833 0.784345 0.063889 0.041534
0 0.329167 0.864217 0.047222 0.060703
0 0.502778 0.706070 0.055556 0.057508
0 0.520833 0.664537 0.041667 0.076677
0 0.676389 0.779553 0.052778 0.051118
0 0.647222 0.821086 0.044444 0.031949
0 0.662500 0.865815 0.075000 0.038339
0 0.690278 0.888179 0.058333 0.044728
0 0.752778 0.867412 0.061111 0.041534
0 0.734722 0.806709 0.069444 0.079872
0 0.819444 0.845048 0.055556 0.073482
0 0.876389 0.838658 0.047222 0.047923
0 0.909722 0.910543 0.052778 0.051118
0 0.798611 0.928115 0.125000 0.054313
0 0.388889 0.936102 0.077778 0.063898
0 0.419444 0.945687 0.027778 0.057508
0 0.426389 0.912141 0.069444 0.067093
0 0.411111 0.822684 0.055556 0.054313
0 0.254167 0.707668 0.047222 0.067093
0 0.201389 0.771565 0.075000 0.047923
0 0.248611 0.768371 0.058333 0.047923
0 0.106944 0.795527 0.052778 0.070288
0 0.077778 0.878594 0.038889 0.063898
0 0.170833 0.843450 0.052778 0.057508
0 0.201389 0.902556 0.047222 0.041534
0 0.241667 0.814696 0.088889 0.076677
0 0.313889 0.926518 0.044444 0.070288
0 0.319444 0.472843 0.077778 0.083067
0 0.131944 0.947284 0.041667 0.028754
0 0.198611 0.956869 0.058333 0.022364
0 0.029167 0.803514 0.052778 0.060703
