0 0.476562 0.147059 0.070312 0.084034
0 0.701172 0.468487 0.035156 0.071429
0 0.832031 0.392857 0.054688 0.113445
0 0.869141 0.197479 0.074219 0.075630
0 0.937500 0.184874 0.054688 0.075630
0 0.937500 0.235294 0.039062 0.058824
0 0.250000 0.323529 0.062500 0.075630
0 0.156250 0.281513 0.039062 0.067227
0 0.169922 0.210084 0.066406 0.042017
0 0.171875 0.159664 0.062500 0.075630
0 0.158203 0.409664 0.050781 0.071429
0 0.947266 0.611345 0.066406 0.054622
0 0.921875 0.716387 0.093750 0.071429
0 0.314453 0.876050 0.074219 0.063025
