0 0.289062 0.276210 0.070312 0.108871
0 0.708984 0.510081 0.089844 0.092742
0 0.916016 0.370968 0.066406 0.080645
0 0.896484 0.512097 0.082031 0.072581
0 0.958984 0.284274 0.058594 0.068548
0 0.970703 0.223790 0.050781 0.084677
0 0.574219 0.578629 0.078125 0.068548
0 0.796875 0.671371 0.062500 0.068548
0 0.912109 0.731855 0.066406 0.076613
0 0.640625 0.953629 0.054688 0.076613
0 0.929688 0.913306 0.078125 0.068548
0 0.263672 0.909274 0.050781 0.084677
0 0.414062 0.929435 0.078125 0.076613
0 0.164062 0.223790 0.054688 0.100806
