0 0.042546 0.226734 0.054749 0.065797
0 0.645778 0.089508 0.067282 0.059277
0 0.680739 0.100474 0.043536 0.056313
0 0.877639 0.104624 0.060026 0.043272
0 0.579485 0.313278 0.054749 0.046829
0 0.820910 0.274155 0.053430 0.050385
0 0.364116 0.437759 0.065963 0.055127
0 0.475923 0.427979 0.090369 0.077060
0 0.536939 0.445762 0.065963 0.064019
0 0.593668 0.486366 0.094987 0.064612
0 0.818602 0.533788 0.076517 0.063426
0 0.864776 0.587137 0.055409 0.064612
0 0.195251 0.669235 0.054090 0.027267
0 0.258245 0.624481 0.048153 0.056313
0 0.379288 0.685536 0.050132 0.036159
0 0.378628 0.730587 0.043536 0.043272
0 0.387203 0.647007 0.065963 0.061055
0 0.312005 0.579727 0.065963 0.058091
0 0.321900 0.629223 0.064644 0.030231
0 0.224934 0.744813 0.046174 0.038530
0 0.602243 0.706283 0.058047 0.055127
0 0.096306 0.715471 0.076517 0.056906
0 0.769789 0.398933 0.101583 0.054535
0 0.127639 0.790456 0.050792 0.040901
