0 0.101293 0.061538 0.107759 0.069231
0 0.314655 0.082692 0.086207 0.042308
0 0.187500 0.196154 0.064655 0.076923
0 0.321121 0.280769 0.090517 0.053846
0 0.704741 0.388462 0.056034 0.092308
0 0.853448 0.388462 0.094828 0.084615
0 0.937500 0.228846 0.099138 0.073077
0 0.704741 0.559615 0.099138 0.073077
0 0.549569 0.523077 0.047414 0.076923
0 0.431034 0.573077 0.077586 0.076923
0 0.047414 0.473077 0.068966 0.076923
0 0.086207 0.805769 0.086207 0.073077
0 0.286638 0.746154 0.064655 0.061538
0 0.299569 0.669231 0.090517 0.084615
0 0.450431 0.776923 0.073276 0.061538
0 0.717672 0.844231 0.064655 0.050000
0 0.885776 0.798077 0.064655 0.080769
0 0.862069 0.873077 0.094828 0.076923
