0 0.367742 0.205357 0.077419 0.067857
0 0.459677 0.196429 0.080645 0.057143
0 0.419355 0.116071 0.064516 0.089286
0 0.348387 0.060714 0.051613 0.085714
0 0.303226 0.057143 0.070968 0.057143
0 0.306452 0.114286 0.064516 0.071429
0 0.520968 0.110714 0.067742 0.071429
0 0.480645 0.310714 0.070968 0.050000
0 0.600000 0.355357 0.058065 0.082143
0 0.382258 0.303571 0.080645 0.078571
0 0.358065 0.351786 0.070968 0.067857
0 0.356452 0.394643 0.061290 0.060714
0 0.191935 0.455357 0.061290 0.089286
0 0.495161 0.444643 0.093548 0.075000
0 0.419355 0.482143 0.051613 0.071429
0 0.572581 0.533929 0.087097 0.060714
0 0.361290 0.558929 0.064516 0.067857
0 0.325806 0.642857 0.058065 0.114286
0 0.445161 0.689286 0.045161 0.078571
0 0.391935 0.710714 0.048387 0.071429
0 0.767742 0.542857 0.083871 0.164286
0 0.798387 0.719643 0.048387 0.082143
0 0.741935 0.739286 0.070968 0.085714
0 0.687097 0.807143 0.064516 0.100000
0 0.529032 0.967857 0.116129 0.064286
0 0.317742 0.898214 0.074194 0.089286
0 0.135484 0.782143 0.045161 0.107143
0 0.193548 0.557143 0.058065 0.092857
