0 0.382883 0.260300 0.069069 0.086142
0 0.306306 0.235955 0.072072 0.059925
0 0.378378 0.071161 0.054054 0.082397
0 0.521021 0.177903 0.069069 0.108614
0 0.591592 0.056180 0.078078 0.089888
0 0.039039 0.091760 0.066066 0.116105
0 0.264264 0.363296 0.048048 0.112360
0 0.057057 0.505618 0.078078 0.104869
0 0.090090 0.580524 0.096096 0.067416
0 0.551051 0.513109 0.093093 0.067416
0 0.810811 0.503745 0.066066 0.078652
0 0.843844 0.393258 0.060060 0.104869
0 0.911411 0.348315 0.063063 0.112360
0 0.860360 0.228464 0.075075 0.097378
0 0.782282 0.132959 0.093093 0.116105
0 0.861862 0.084270 0.048048 0.093633
0 0.926426 0.131086 0.045045 0.082397
0 0.725225 0.275281 0.063063 0.116105
0 0.621622 0.717228 0.096096 0.086142
0 0.713213 0.880150 0.087087 0.074906
0 0.845345 0.838951 0.039039 0.074906
0 0.283784 0.750936 0.051051 0.101124
0 0.048048 0.794007 0.078078 0.112360
0 0.171171 0.842697 0.048048 0.104869
0 0.205706 0.904494 0.033033 0.093633
0 0.414414 0.932584 0.060060 0.082397
0 0.487988 0.945693 0.111111 0.093633
0 0.657658 0.953184 0.060060 0.086142
0 0.708709 0.956929 0.054054 0.086142
0 0.298799 0.917603 0.087087 0.059925
0 0.291291 0.970037 0.084084 0.059925
