0 0.046512 0.131783 0.086379 0.054264
0 0.043189 0.199612 0.066445 0.065891
0 0.305648 0.178295 0.073090 0.062016
0 0.513289 0.248062 0.102990 0.077519
0 0.661130 0.217054 0.086379 0.085271
0 0.626246 0.317829 0.063123 0.085271
0 0.642857 0.399225 0.076412 0.085271
0 0.835548 0.273256 0.089701 0.073643
0 0.928571 0.277132 0.076412 0.096899
0 0.810631 0.352713 0.066445 0.085271
0 0.862126 0.331395 0.069767 0.058140
0 0.887043 0.441860 0.079734 0.054264
0 0.946844 0.532946 0.066445 0.073643
0 0.850498 0.612403 0.106312 0.054264
0 0.817276 0.693798 0.086379 0.069767
0 0.963455 0.885659 0.073090 0.081395
0 0.541528 0.742248 0.059801 0.112403
0 0.413621 0.718992 0.083056 0.089147
0 0.330565 0.672481 0.063123 0.112403
0 0.249169 0.575581 0.066445 0.104651
0 0.235880 0.315891 0.079734 0.089147
0 0.486711 0.370155 0.076412 0.096899
0 0.622924 0.509690 0.096346 0.065891
0 0.533223 0.463178 0.069767 0.104651
0 0.212625 0.912791 0.073090 0.081395
