0 0.037202 0.224609 0.050595 0.113281
0 0.111607 0.203125 0.056548 0.109375
0 0.181548 0.158203 0.089286 0.066406
0 0.190476 0.205078 0.089286 0.058594
0 0.221726 0.304688 0.092262 0.062500
0 0.455357 0.199219 0.071429 0.117188
0 0.528274 0.093750 0.062500 0.085938
0 0.650298 0.058594 0.092262 0.085938
0 0.431548 0.035156 0.077381 0.062500
0 0.687500 0.285156 0.053571 0.101562
0 0.572917 0.511719 0.050595 0.062500
0 0.720238 0.468750 0.083333 0.062500
0 0.882440 0.517578 0.062500 0.074219
0 0.808036 0.769531 0.068452 0.078125
0 0.877976 0.785156 0.059524 0.085938
0 0.964286 0.767578 0.047619 0.121094
0 0.833333 0.943359 0.053571 0.082031
0 0.519345 0.660156 0.056548 0.109375
0 0.352679 0.447266 0.074405 0.066406
0 0.522321 0.414062 0.062500 0.054688
0 0.104167 0.511719 0.071429 0.070312
0 0.126488 0.777344 0.068452 0.078125
0 0.214286 0.777344 0.065476 0.109375
0 0.169643 0.923828 0.089286 0.066406
0 0.376488 0.923828 0.062500 0.097656
