0 0.196246 0.396024 0.078498 0.094801
0 0.242321 0.186544 0.075085 0.079511
0 0.358362 0.125382 0.075085 0.055046
0 0.467577 0.062691 0.122867 0.051988
0 0.273038 0.045872 0.102389 0.036697
0 0.215017 0.103976 0.116041 0.067278
0 0.595563 0.169725 0.071672 0.076453
0 0.488055 0.142202 0.095563 0.076453
0 0.392491 0.247706 0.088737 0.067278
0 0.602389 0.435780 0.058020 0.100917
0 0.776451 0.383792 0.092150 0.107034
0 0.936860 0.302752 0.071672 0.110092
0 0.904437 0.162080 0.081911 0.097859
0 0.964164 0.123853 0.071672 0.064220
0 0.974403 0.527523 0.051195 0.088685
0 0.941980 0.617737 0.102389 0.085627
0 0.940273 0.709480 0.071672 0.067278
0 0.786689 0.726300 0.092150 0.051988
0 0.428328 0.746177 0.126280 0.079511
0 0.397611 0.500000 0.098976 0.082569
0 0.293515 0.464832 0.088737 0.067278
0 0.058020 0.423547 0.068259 0.094801
0 0.059727 0.561162 0.064846 0.094801
0 0.156997 0.610092 0.095563 0.070336
0 0.344710 0.608563 0.068259 0.073394
0 0.324232 0.691131 0.068259 0.085627
0 0.158703 0.957187 0.098976 0.085627
0 0.575085 0.943425 0.139932 0.082569
0 0.860068 0.851682 0.081911 0.064220
0 0.923208 0.818043 0.071672 0.058104
0 0.803754 0.961774 0.085324 0.076453
