0 0.548443 0.071651 0.079585 0.049844
0 0.747405 0.023364 0.069204 0.040498
0 0.782007 0.157321 0.048443 0.065421
0 0.802768 0.080997 0.062284 0.074766
0 0.930796 0.132399 0.069204 0.046729
0 0.958478 0.054517 0.083045 0.065421
0 0.873702 0.314642 0.051903 0.062305
0 0.647059 0.461059 0.083045 0.049844
0 0.524221 0.386293 0.065744 0.074766
0 0.489619 0.225857 0.079585 0.071651
0 0.326990 0.258567 0.086505 0.049844
0 0.117647 0.277259 0.055363 0.062305
0 0.032872 0.255452 0.051903 0.043614
0 0.027682 0.295950 0.048443 0.043614
0 0.152249 0.412773 0.076125 0.040498
0 0.230104 0.493769 0.065744 0.059190
0 0.411765 0.490654 0.048443 0.065421
0 0.435986 0.437695 0.048443 0.059190
0 0.463668 0.626168 0.069204 0.074766
0 0.882353 0.609034 0.076125 0.046729
0 0.878893 0.649533 0.069204 0.052960
0 0.742215 0.777259 0.065744 0.046729
0 0.870242 0.838006 0.065744 0.062305
0 0.724913 0.847352 0.072664 0.056075
0 0.747405 0.878505 0.055363 0.062305
0 0.491349 0.886293 0.048443 0.071651
0 0.325260 0.758567 0.034602 0.077882
0 0.200692 0.783489 0.089965 0.065421
0 0.207612 0.855140 0.083045 0.046729
0 0.164360 0.900312 0.086505 0.049844
0 0.217993 0.942368 0.076125 0.052960
0 0.079585 0.498442 0.069204 0.062305
0 0.025952 0.461059 0.031142 0.093458
