0 0.201639 0.030063 0.062295 0.053797
0 0.196721 0.186709 0.078689 0.075949
0 0.570492 0.231013 0.131148 0.075949
0 0.747541 0.281646 0.072131 0.063291
0 0.739344 0.223101 0.081967 0.053797
0 0.806557 0.340190 0.078689 0.060127
0 0.839344 0.131329 0.078689 0.072785
0 0.632787 0.145570 0.065574 0.075949
0 0.595082 0.052215 0.081967 0.041139
0 0.872131 0.454114 0.045902 0.072785
0 0.952459 0.485759 0.068852 0.066456
0 0.103279 0.083861 0.055738 0.053797
0 0.018033 0.061709 0.029508 0.085443
0 0.390164 0.400316 0.085246 0.066456
0 0.221311 0.523734 0.029508 0.060127
0 0.140984 0.466772 0.078689 0.047468
0 0.342623 0.512658 0.062295 0.056962
0 0.462295 0.493671 0.059016 0.075949
0 0.552459 0.441456 0.036066 0.060127
0 0.527869 0.518987 0.052459 0.069620
0 0.495082 0.574367 0.078689 0.047468
0 0.557377 0.648734 0.059016 0.069620
0 0.631148 0.689873 0.088525 0.050633
0 0.868852 0.707278 0.059016 0.079114
0 0.778689 0.609177 0.068852 0.041139
0 0.708197 0.631329 0.072131 0.060127
0 0.695082 0.574367 0.065574 0.041139
0 0.954098 0.617089 0.078689 0.037975
0 0.445902 0.819620 0.078689 0.056962
0 0.324590 0.617089 0.059016 0.056962
0 0.450820 0.617089 0.049180 0.069620
0 0.437705 0.642405 0.062295 0.037975
0 0.377049 0.642405 0.078689 0.056962
0 0.229508 0.617089 0.045902 0.063291
0 0.086885 0.636076 0.075410 0.050633
0 0.149180 0.560127 0.068852 0.056962
0 0.091803 0.670886 0.059016 0.037975
0 0.031148 0.721519 0.049180 0.094937
0 0.127869 0.696203 0.059016 0.056962
0 0.547541 0.821203 0.052459 0.047468
0 0.563934 0.860759 0.045902 0.063291
0 0.749180 0.900316 0.088525 0.053797
0 0.918033 0.212025 0.052459 0.082278
0 0.978689 0.272152 0.042623 0.075949
