0 0.253106 0.026408 0.065217 0.045775
0 0.248447 0.117958 0.043478 0.080986
0 0.184783 0.304577 0.065217 0.073944
0 0.279503 0.341549 0.068323 0.070423
0 0.335404 0.327465 0.074534 0.049296
0 0.428571 0.367958 0.062112 0.080986
0 0.582298 0.169014 0.071429 0.063380
0 0.507764 0.109155 0.046584 0.112676
0 0.299689 0.095070 0.059006 0.049296
0 0.315217 0.142606 0.040373 0.073944
0 0.383540 0.079225 0.034161 0.073944
0 0.408385 0.080986 0.027950 0.077465
0 0.456522 0.029930 0.049689 0.052817
0 0.913043 0.082746 0.093168 0.080986
0 0.785714 0.033451 0.043478 0.059859
0 0.753106 0.026408 0.040373 0.045775
0 0.759317 0.315141 0.052795 0.059859
0 0.791925 0.355634 0.043478 0.056338
0 0.880435 0.295775 0.027950 0.077465
0 0.897516 0.343310 0.068323 0.052817
0 0.925466 0.533451 0.043478 0.095070
0 0.900621 0.732394 0.062112 0.084507
0 0.807453 0.661972 0.043478 0.077465
0 0.905280 0.882042 0.071429 0.066901
0 0.729814 0.832746 0.055901 0.045775
0 0.585404 0.607394 0.071429 0.052817
0 0.715839 0.383803 0.046584 0.091549
0 0.605590 0.441901 0.068323 0.080986
0 0.203416 0.459507 0.059006 0.059859
0 0.381988 0.445423 0.068323 0.059859
0 0.309006 0.494718 0.071429 0.052817
0 0.388199 0.549296 0.062112 0.091549
0 0.145963 0.670775 0.031056 0.080986
0 0.184783 0.785211 0.046584 0.070423
0 0.246894 0.772887 0.052795 0.073944
0 0.486025 0.660211 0.052795 0.066901
0 0.538820 0.684859 0.083851 0.052817
0 0.462733 0.760563 0.068323 0.049296
0 0.493789 0.794014 0.086957 0.045775
0 0.569876 0.846831 0.071429 0.066901
0 0.492236 0.915493 0.065217 0.070423
0 0.437888 0.838028 0.068323 0.063380
0 0.133540 0.885563 0.074534 0.052817
0 0.090062 0.959507 0.049689 0.066901
0 0.158385 0.968310 0.080745 0.042254
0 0.694099 0.926056 0.046584 0.077465
