0 0.253356 0.260135 0.036913 0.067568
0 0.793624 0.170608 0.077181 0.104730
0 0.526846 0.398649 0.053691 0.074324
0 0.531879 0.528716 0.083893 0.064189
0 0.483221 0.469595 0.093960 0.047297
0 0.124161 0.442568 0.073826 0.060811
0 0.167785 0.244932 0.073826 0.070946
0 0.035235 0.297297 0.063758 0.087838
0 0.120805 0.182432 0.093960 0.060811
0 0.414430 0.547297 0.110738 0.067568
0 0.318792 0.614865 0.073826 0.067568
0 0.384228 0.658784 0.057047 0.074324
0 0.857383 0.643581 0.077181 0.091216
0 0.431208 0.836149 0.097315 0.064189
0 0.652685 0.951014 0.063758 0.070946
0 0.057047 0.809122 0.080537 0.070946
0 0.934564 0.935811 0.057047 0.101351
0 0.399329 0.361486 0.087248 0.074324
0 0.847315 0.964527 0.057047 0.070946
