0 0.146580 0.137037 0.058632 0.096296
0 0.368078 0.066667 0.058632 0.059259
0 0.356678 0.146296 0.055375 0.077778
0 0.477199 0.057407 0.074919 0.055556
0 0.539088 0.072222 0.048860 0.070370
0 0.252443 0.022222 0.094463 0.037037
0 0.289902 0.448148 0.058632 0.066667
0 0.418567 0.294444 0.068404 0.055556
0 0.618893 0.209259 0.052117 0.085185
0 0.677524 0.222222 0.058632 0.066667
0 0.926710 0.153704 0.042345 0.085185
0 0.775244 0.248148 0.045603 0.066667
0 0.897394 0.440741 0.081433 0.066667
0 0.643322 0.512963 0.055375 0.100000
0 0.757329 0.568519 0.042345 0.085185
0 0.716612 0.733333 0.071661 0.059259
0 0.644951 0.855556 0.058632 0.081481
0 0.216612 0.555556 0.074919 0.081481
0 0.118893 0.418519 0.055375 0.066667
0 0.120521 0.648148 0.052117 0.059259
0 0.099349 0.729630 0.068404 0.066667
0 0.143322 0.707407 0.058632 0.081481
0 0.211726 0.724074 0.039088 0.092593
0 0.312704 0.700000 0.071661 0.081481
0 0.255700 0.733333 0.048860 0.096296
0 0.555375 0.870370 0.081433 0.066667
0 0.377850 0.396296 0.045603 0.088889
0 0.159609 0.859259 0.039088 0.051852
