0 0.289902 0.450000 0.058632 0.070370
0 0.144951 0.133333 0.068404 0.074074
0 0.366450 0.064815 0.061889 0.055556
0 0.358306 0.142593 0.045603 0.070370
0 0.480456 0.053704 0.081433 0.055556
0 0.545603 0.072222 0.061889 0.070370
0 0.617264 0.198148 0.061889 0.077778
0 0.925081 0.150000 0.039088 0.092593
0 0.771987 0.242593 0.052117 0.085185
0 0.640065 0.505556 0.068404 0.114815
0 0.381107 0.398148 0.039088 0.100000
0 0.120521 0.418519 0.091205 0.059259
0 0.216612 0.553704 0.074919 0.077778
0 0.122150 0.648148 0.055375 0.059259
0 0.723127 0.722222 0.052117 0.074074
0 0.754072 0.570370 0.042345 0.088889
0 0.894137 0.437037 0.074919 0.044444
0 0.552117 0.872222 0.081433 0.062963
0 0.206840 0.725926 0.048860 0.088889
0 0.255700 0.735185 0.048860 0.077778
0 0.309446 0.700000 0.078176 0.088889
0 0.100977 0.738889 0.058632 0.062963
0 0.146580 0.709259 0.058632 0.070370
0 0.156352 0.853704 0.052117 0.055556
0 0.418567 0.294444 0.074919 0.055556
