0 0.338050 0.331615 0.059748 0.065292
0 0.416667 0.163230 0.059748 0.099656
0 0.471698 0.359107 0.050314 0.085911
0 0.539308 0.249141 0.047170 0.085911
0 0.580189 0.147766 0.059748 0.082474
0 0.176101 0.213058 0.088050 0.089347
0 0.084906 0.237113 0.056604 0.075601
0 0.075472 0.097938 0.088050 0.037801
0 0.677673 0.381443 0.059748 0.068729
0 0.778302 0.331615 0.059748 0.085911
0 0.877358 0.536082 0.069182 0.068729
0 0.913522 0.628866 0.059748 0.054983
0 0.904088 0.838488 0.059748 0.061856
0 0.940252 0.898625 0.088050 0.051546
0 0.781447 0.676976 0.078616 0.034364
0 0.680818 0.888316 0.072327 0.037801
0 0.245283 0.546392 0.050314 0.103093
0 0.127358 0.823024 0.072327 0.058419
0 0.209119 0.836770 0.034591 0.072165
0 0.210692 0.886598 0.056604 0.048110
0 0.668239 0.256014 0.066038 0.058419
0 0.856918 0.671821 0.040881 0.085911
