0 0.688732 0.220635 0.036620 0.060317
0 0.735211 0.250794 0.061972 0.063492
0 0.512676 0.222222 0.045070 0.050794
0 0.515493 0.392063 0.033803 0.079365
0 0.645070 0.520635 0.045070 0.063492
0 0.653521 0.411111 0.028169 0.053968
0 0.587324 0.452381 0.030986 0.073016
0 0.730986 0.387302 0.025352 0.076190
0 0.761972 0.387302 0.030986 0.069841
0 0.800000 0.453968 0.045070 0.063492
0 0.912676 0.420635 0.039437 0.053968
0 0.949296 0.528571 0.061972 0.047619
0 0.819718 0.669841 0.067606 0.063492
0 0.777465 0.760317 0.045070 0.053968
0 0.612676 0.655556 0.053521 0.060317
0 0.488732 0.646032 0.047887 0.066667
0 0.469014 0.693651 0.030986 0.066667
0 0.297183 0.814286 0.053521 0.073016
0 0.192958 0.836508 0.042254 0.066667
0 0.174648 0.722222 0.050704 0.060317
0 0.114085 0.714286 0.059155 0.076190
0 0.223944 0.546032 0.070423 0.076190
0 0.263380 0.473016 0.025352 0.069841
0 0.395775 0.552381 0.047887 0.057143
0 0.422535 0.530159 0.050704 0.069841
0 0.346479 0.247619 0.061972 0.050794
0 0.383099 0.152381 0.045070 0.063492
0 0.459155 0.052381 0.039437 0.073016
0 0.429577 0.019048 0.059155 0.031746
0 0.339437 0.076190 0.059155 0.038095
0 0.288732 0.133333 0.064789 0.050794
0 0.278873 0.179365 0.050704 0.034921
0 0.256338 0.211111 0.061972 0.034921
0 0.215493 0.182540 0.064789 0.041270
0 0.159155 0.160317 0.047887 0.098413
0 0.081690 0.138095 0.045070 0.066667
0 0.107042 0.142857 0.039437 0.069841
0 0.090141 0.244444 0.050704 0.063492
0 0.354930 0.015873 0.073239 0.025397
0 0.822535 0.047619 0.039437 0.063492
0 0.902817 0.025397 0.030986 0.044444
0 0.871831 0.174603 0.059155 0.044444
0 0.826761 0.290476 0.059155 0.047619
0 0.843662 0.758730 0.053521 0.031746
0 0.849296 0.892063 0.047887 0.057143
0 0.680282 0.801587 0.047887 0.073016
0 0.654930 0.861905 0.053521 0.028571
0 0.719718 0.868254 0.070423 0.047619
0 0.053521 0.815873 0.090141 0.050794
0 0.243662 0.904762 0.053521 0.057143
0 0.398592 0.911111 0.087324 0.057143
0 0.605634 0.912698 0.050704 0.053968
0 0.653521 0.695238 0.045070 0.057143
