0 0.252137 0.462295 0.054131 0.052459
0 0.371795 0.250820 0.059829 0.075410
0 0.297721 0.303279 0.059829 0.049180
0 0.065527 0.247541 0.051282 0.062295
0 0.065527 0.104918 0.051282 0.045902
0 0.133903 0.109836 0.045584 0.062295
0 0.192308 0.114754 0.048433 0.072131
0 0.266382 0.101639 0.037037 0.059016
0 0.286325 0.111475 0.042735 0.039344
0 0.274929 0.159016 0.054131 0.062295
0 0.239316 0.172131 0.034188 0.062295
0 0.413105 0.085246 0.045584 0.045902
0 0.487179 0.140984 0.056980 0.045902
0 0.475783 0.195082 0.028490 0.068852
0 0.512821 0.181967 0.056980 0.062295
0 0.549858 0.293443 0.039886 0.055738
0 0.578348 0.390164 0.045584 0.085246
0 0.809117 0.200000 0.034188 0.065574
0 0.843305 0.213115 0.022792 0.065574
0 0.780627 0.121311 0.051282 0.045902
0 0.749288 0.436066 0.028490 0.059016
0 0.454416 0.440984 0.054131 0.095082
0 0.386040 0.460656 0.082621 0.068852
0 0.123932 0.563934 0.071225 0.072131
0 0.143875 0.631148 0.065527 0.068852
0 0.245014 0.665574 0.074074 0.065574
0 0.391738 0.570492 0.054131 0.098361
0 0.443020 0.545902 0.031339 0.068852
0 0.401709 0.759016 0.062678 0.088525
0 0.249288 0.781967 0.059829 0.081967
0 0.186610 0.778689 0.054131 0.108197
0 0.112536 0.300000 0.042735 0.055738
0 0.544160 0.491803 0.039886 0.065574
0 0.588319 0.468852 0.042735 0.052459
0 0.794872 0.608197 0.051282 0.075410
0 0.803419 0.691803 0.051282 0.065574
0 0.853276 0.750820 0.048433 0.059016
0 0.696581 0.801639 0.099715 0.062295
0 0.470085 0.926230 0.051282 0.062295
0 0.441595 0.970492 0.039886 0.045902
0 0.299145 0.967213 0.056980 0.045902
0 0.196581 0.931148 0.091168 0.065574
0 0.096866 0.696721 0.062678 0.062295
0 0.055556 0.706557 0.031339 0.055738
0 0.131054 0.691803 0.045584 0.059016
0 0.534188 0.909836 0.042735 0.068852
0 0.763533 0.936066 0.056980 0.042623
0 0.827635 0.954098 0.048433 0.052459
0 0.813390 0.977049 0.054131 0.039344
0 0.648148 0.462295 0.054131 0.072131
0 0.750712 0.327869 0.048433 0.052459
0 0.801994 0.440984 0.048433 0.081967
