0 0.413174 0.265092 0.101796 0.041995
0 0.456587 0.208661 0.044910 0.044619
0 0.621257 0.251969 0.050898 0.073491
0 0.676647 0.353018 0.047904 0.065617
0 0.738024 0.320210 0.050898 0.073491
0 0.829341 0.363517 0.089820 0.044619
0 0.790419 0.389764 0.041916 0.044619
0 0.788922 0.515748 0.056886 0.055118
0 0.693114 0.695538 0.086826 0.047244
0 0.525449 0.694226 0.068862 0.070866
0 0.402695 0.666667 0.044910 0.057743
0 0.305389 0.607612 0.083832 0.070866
0 0.327844 0.660105 0.074850 0.028871
0 0.338323 0.740157 0.053892 0.047244
0 0.399701 0.762467 0.056886 0.055118
0 0.462575 0.817585 0.038922 0.065617
0 0.531437 0.830709 0.080838 0.039370
0 0.576347 0.800525 0.062874 0.047244
0 0.639222 0.877953 0.026946 0.070866
0 0.857784 0.783465 0.050898 0.065617
0 0.826347 0.862205 0.065868 0.049869
0 0.878743 0.885827 0.050898 0.060367
0 0.955090 0.947507 0.071856 0.057743
0 0.761976 0.922572 0.050898 0.049869
0 0.687126 0.935696 0.062874 0.055118
0 0.452096 0.908136 0.065868 0.057743
0 0.395210 0.841207 0.041916 0.070866
0 0.339820 0.856955 0.044910 0.060367
0 0.287425 0.883202 0.065868 0.060367
0 0.140719 0.404199 0.059880 0.078740
0 0.287425 0.417323 0.053892 0.068241
0 0.320359 0.372703 0.059880 0.047244
0 0.315868 0.325459 0.080838 0.041995
0 0.562874 0.423885 0.065868 0.044619
0 0.974551 0.253281 0.050898 0.065617
0 0.877246 0.112861 0.047904 0.052493
0 0.747006 0.077428 0.074850 0.091864
0 0.661677 0.179790 0.047904 0.060367
0 0.526946 0.086614 0.071856 0.047244
0 0.444611 0.093176 0.050898 0.086614
0 0.384731 0.115486 0.044910 0.052493
0 0.381737 0.048556 0.062874 0.044619
0 0.290419 0.019685 0.071856 0.034121
0 0.281437 0.165354 0.059880 0.062992
0 0.208084 0.206037 0.044910 0.065617
0 0.073353 0.192913 0.068862 0.044619
0 0.118263 0.156168 0.068862 0.049869
0 0.134731 0.066929 0.065868 0.060367
0 0.173653 0.024934 0.059880 0.044619
0 0.209581 0.127297 0.065868 0.070866
0 0.167665 0.081365 0.053892 0.052493
0 0.341317 0.108924 0.041916 0.049869
0 0.862275 0.047244 0.029940 0.041995
0 0.823353 0.099738 0.041916 0.057743
0 0.773952 0.129921 0.032934 0.055118
0 0.947605 0.032808 0.062874 0.060367
0 0.260479 0.813648 0.053892 0.052493
0 0.232036 0.783465 0.020958 0.060367
0 0.152695 0.700787 0.059880 0.047244
0 0.127246 0.740157 0.062874 0.041995
0 0.080838 0.674541 0.047904 0.062992
0 0.053892 0.738845 0.047904 0.044619
0 0.049401 0.828084 0.044910 0.055118
0 0.127246 0.828084 0.062874 0.044619
0 0.200599 0.864829 0.071856 0.023622
0 0.953593 0.589239 0.056886 0.055118
0 0.985030 0.678478 0.029940 0.055118
