2 0.610169 0.390339 0.107345 0.117493
0 0.403955 0.265013 0.028249 0.065274
0 0.364407 0.285901 0.056497 0.033943
0 0.076271 0.197128 0.050847 0.044386
0 0.090395 0.313316 0.062147 0.057441
0 0.183616 0.375979 0.033898 0.062663
0 0.048023 0.409922 0.045198 0.046997
0 0.031073 0.453003 0.050847 0.039164
0 0.036723 0.500000 0.033898 0.054830
0 0.053672 0.753264 0.028249 0.060052
0 0.088983 0.795039 0.042373 0.060052
0 0.159605 0.740209 0.076271 0.044386
0 0.231638 0.597911 0.033898 0.046997
0 0.346045 0.505222 0.042373 0.044386
0 0.442090 0.494778 0.053672 0.060052
0 0.483051 0.566580 0.079096 0.073107
0 0.497175 0.621410 0.056497 0.041775
0 0.538136 0.697128 0.087571 0.057441
0 0.271186 0.625326 0.050847 0.075718
0 0.306497 0.648825 0.053672 0.096606
0 0.401130 0.663185 0.073446 0.046997
0 0.361582 0.630548 0.045198 0.044386
0 0.274011 0.826371 0.039548 0.060052
0 0.303672 0.815927 0.059322 0.060052
0 0.384181 0.891645 0.062147 0.054830
0 0.285311 0.932115 0.073446 0.036554
0 0.211864 0.908616 0.039548 0.062663
0 0.395480 0.744125 0.067797 0.078329
0 0.364407 0.738903 0.050847 0.041775
0 0.618644 0.784595 0.056497 0.039164
0 0.665254 0.849869 0.059322 0.054830
0 0.617232 0.883812 0.059322 0.049608
0 0.591808 0.915144 0.053672 0.049608
0 0.662429 0.919060 0.064972 0.041775
0 0.675141 0.954308 0.067797 0.028721
0 0.838983 0.772846 0.084746 0.057441
0 0.748588 0.852480 0.056497 0.039164
0 0.867232 0.869452 0.062147 0.099217
0 0.764124 0.943864 0.042373 0.049608
0 0.827684 0.678851 0.084746 0.036554
0 0.803672 0.633159 0.025424 0.054830
0 0.885593 0.678851 0.048023 0.067885
0 0.920904 0.608355 0.039548 0.052219
0 0.872881 0.584856 0.045198 0.078329
0 0.846045 0.492167 0.053672 0.091384
0 0.686441 0.429504 0.062147 0.028721
0 0.731638 0.494778 0.050847 0.039164
0 0.769774 0.481723 0.064972 0.080940
0 0.843220 0.321149 0.064972 0.073107
0 0.529661 0.439948 0.059322 0.044386
0 0.477401 0.398172 0.045198 0.039164
0 0.412429 0.420366 0.050847 0.052219
0 0.247175 0.373368 0.076271 0.057441
0 0.272599 0.302872 0.059322 0.046997
0 0.296610 0.327676 0.056497 0.033943
0 0.433616 0.167102 0.042373 0.046997
0 0.419492 0.215405 0.042373 0.049608
0 0.567797 0.146214 0.062147 0.041775
0 0.597458 0.108355 0.070621 0.049608
0 0.680791 0.225849 0.056497 0.049608
0 0.631356 0.292428 0.064972 0.046997
0 0.629944 0.259791 0.056497 0.023499
0 0.680791 0.268930 0.050847 0.041775
0 0.871469 0.215405 0.042373 0.054830
0 0.881356 0.082245 0.056497 0.049608
0 0.776836 0.022193 0.050847 0.033943
0 0.459040 0.045692 0.036723 0.054830
0 0.320621 0.043081 0.048023 0.039164
0 0.220339 0.023499 0.090395 0.041775
0 0.179379 0.095300 0.059322 0.044386
0 0.125706 0.091384 0.053672 0.036554
0 0.847458 0.035248 0.045198 0.044386
0 0.824859 0.066580 0.050847 0.054830
