0 0.042208 0.449527 0.064935 0.059937
0 0.092532 0.495268 0.048701 0.063091
0 0.045455 0.495268 0.051948 0.056782
0 0.131494 0.236593 0.042208 0.082019
0 0.313312 0.080442 0.074675 0.066246
0 0.618506 0.080442 0.068182 0.047319
0 0.727273 0.310726 0.058442 0.059937
0 0.964286 0.500000 0.064935 0.053628
0 0.853896 0.676656 0.071429 0.078864
0 0.902597 0.793375 0.084416 0.047319
0 0.597403 0.705047 0.032468 0.072555
0 0.483766 0.731861 0.071429 0.082019
0 0.420455 0.607256 0.094156 0.059937
0 0.068182 0.689274 0.077922 0.066246
0 0.329545 0.821767 0.081169 0.066246
0 0.274351 0.936909 0.055195 0.082019
0 0.487013 0.902208 0.084416 0.075710
0 0.634740 0.913249 0.068182 0.053628
0 0.714286 0.951104 0.064935 0.053628
0 0.775974 0.957413 0.071429 0.047319
0 0.116883 0.973186 0.077922 0.047319
0 0.107143 0.350158 0.097403 0.063091
0 0.095779 0.403785 0.094156 0.050473
