0 0.795756 0.624390 0.074271 0.063415
0 0.692308 0.593902 0.058355 0.046341
0 0.637931 0.602439 0.061008 0.039024
0 0.549072 0.570732 0.042440 0.068293
0 0.587533 0.508537 0.071618 0.046341
0 0.664456 0.469512 0.055703 0.046341
0 0.698939 0.417073 0.076923 0.058537
0 0.587533 0.423171 0.045093 0.056098
0 0.762599 0.495122 0.050398 0.053659
0 0.881963 0.267073 0.045093 0.051220
0 0.789125 0.218293 0.034483 0.060976
0 0.724138 0.232927 0.047745 0.065854
0 0.624668 0.275610 0.029178 0.053659
0 0.591512 0.267073 0.063660 0.031707
0 0.482759 0.331707 0.047745 0.048780
0 0.431034 0.308537 0.071618 0.021951
0 0.379310 0.374390 0.063660 0.056098
0 0.368700 0.510976 0.058355 0.060976
0 0.285146 0.579268 0.039788 0.051220
0 0.253316 0.558537 0.034483 0.063415
0 0.212202 0.620732 0.058355 0.060976
0 0.188329 0.576829 0.053050 0.056098
0 0.096817 0.630488 0.039788 0.065854
0 0.084881 0.591463 0.037135 0.056098
0 0.042440 0.428049 0.053050 0.065854
0 0.072944 0.274390 0.050398 0.065854
0 0.155172 0.264634 0.050398 0.041463
0 0.164456 0.330488 0.031830 0.065854
0 0.257294 0.430488 0.026525 0.056098
0 0.066313 0.801220 0.058355 0.051220
0 0.120690 0.858537 0.055703 0.053659
0 0.206897 0.862195 0.063660 0.056098
0 0.189655 0.975610 0.050398 0.039024
0 0.344828 0.975610 0.058355 0.048780
0 0.561008 0.973171 0.034483 0.053659
0 0.801061 0.917073 0.053050 0.048780
0 0.846154 0.954878 0.079576 0.036585
0 0.818302 0.990244 0.071618 0.019512
0 0.904509 0.881707 0.063660 0.041463
0 0.576923 0.804878 0.061008 0.058537
0 0.517241 0.853659 0.053050 0.039024
0 0.657825 0.756098 0.053050 0.058537
0 0.673740 0.790244 0.047745 0.048780
0 0.729443 0.781707 0.037135 0.060976
0 0.724138 0.845122 0.058355 0.060976
0 0.458886 0.774390 0.031830 0.060976
0 0.493369 0.717073 0.042440 0.043902
0 0.347480 0.719512 0.042440 0.063415
0 0.401857 0.742683 0.055703 0.060976
0 0.501326 0.241463 0.063660 0.029268
0 0.477454 0.219512 0.058355 0.039024
0 0.530504 0.184146 0.053050 0.041463
0 0.794430 0.342683 0.055703 0.060976
0 0.819629 0.319512 0.042440 0.058537
0 0.842175 0.140244 0.061008 0.036585
0 0.895225 0.074390 0.055703 0.060976
0 0.815650 0.074390 0.066313 0.056098
0 0.770557 0.045122 0.055703 0.041463
0 0.586207 0.042683 0.047745 0.036585
0 0.405836 0.175610 0.053050 0.048780
0 0.270557 0.112195 0.037135 0.048780
0 0.310345 0.092683 0.058355 0.048780
0 0.188329 0.065854 0.068966 0.043902
0 0.336870 0.029268 0.058355 0.029268
0 0.644562 0.145122 0.053050 0.041463
0 0.702918 0.160976 0.042440 0.063415
0 0.478780 0.110976 0.050398 0.065854
0 0.442971 0.097561 0.031830 0.053659
