0 0.417344 0.124688 0.043360 0.059850
0 0.081301 0.729426 0.054201 0.072319
0 0.155827 0.809227 0.046070 0.062344
0 0.121951 0.509975 0.037940 0.062344
0 0.033875 0.475062 0.056911 0.067332
0 0.059621 0.451372 0.037940 0.054863
0 0.113821 0.269327 0.043360 0.054863
0 0.131436 0.298005 0.062331 0.037406
0 0.032520 0.351621 0.059621 0.024938
0 0.062331 0.340399 0.048780 0.032419
0 0.210027 0.351621 0.051491 0.029925
0 0.275068 0.336658 0.073171 0.054863
0 0.349593 0.286783 0.070461 0.034913
0 0.284553 0.390274 0.075881 0.037406
0 0.359079 0.431421 0.067751 0.054863
0 0.174797 0.612219 0.067751 0.047382
0 0.215447 0.627182 0.040650 0.052369
0 0.243902 0.719451 0.065041 0.032419
0 0.231707 0.674564 0.073171 0.052369
0 0.163957 0.921446 0.056911 0.047382
0 0.184282 0.967581 0.054201 0.054863
0 0.239837 0.961347 0.046070 0.057357
0 0.380759 0.874065 0.062331 0.042394
0 0.407859 0.948878 0.062331 0.052369
0 0.341463 0.968828 0.054201 0.057357
0 0.348238 0.790524 0.056911 0.064838
0 0.433604 0.783042 0.037940 0.064838
0 0.405149 0.713217 0.100271 0.059850
0 0.485095 0.682045 0.065041 0.037406
0 0.649051 0.966334 0.046070 0.057357
0 0.775068 0.942643 0.075881 0.069825
0 0.814363 0.859102 0.073171 0.037406
0 0.863144 0.811721 0.056911 0.047382
0 0.949864 0.806733 0.062331 0.032419
0 0.871274 0.871571 0.056911 0.072319
0 0.934959 0.876559 0.037940 0.062344
0 0.967480 0.865337 0.043360 0.069825
0 0.764228 0.746883 0.059621 0.037406
0 0.677507 0.648379 0.037940 0.069825
0 0.475610 0.589776 0.056911 0.037406
0 0.592141 0.558603 0.062331 0.064838
0 0.668022 0.576060 0.056911 0.044888
0 0.441734 0.523691 0.037940 0.069825
0 0.453930 0.440150 0.029810 0.077307
0 0.516260 0.465087 0.035230 0.077307
0 0.483740 0.389027 0.046070 0.044888
0 0.635501 0.452618 0.029810 0.072319
0 0.756098 0.442643 0.043360 0.057357
0 0.825203 0.405237 0.056911 0.042394
0 0.831978 0.500000 0.075881 0.052369
0 0.887534 0.314214 0.067751 0.064838
0 0.937669 0.254364 0.048780 0.074813
0 0.757453 0.183292 0.067751 0.057357
0 0.649051 0.351621 0.056911 0.054863
0 0.837398 0.274314 0.075881 0.059850
0 0.529810 0.158354 0.062331 0.042394
0 0.483740 0.118454 0.056911 0.052369
0 0.432249 0.159601 0.062331 0.034913
0 0.233062 0.174564 0.054201 0.054863
0 0.193767 0.155860 0.035230 0.062344
0 0.235772 0.084788 0.070461 0.059850
0 0.062331 0.054863 0.037940 0.049875
0 0.021680 0.059850 0.037940 0.049875
0 0.163957 0.039900 0.067751 0.039900
0 0.808943 0.087282 0.067751 0.039900
0 0.899729 0.169576 0.070461 0.034913
0 0.520325 0.352868 0.037940 0.067332
0 0.605691 0.336658 0.051491 0.039900
0 0.579946 0.330424 0.048780 0.062344
0 0.422764 0.324190 0.065041 0.054863
