2 0.717836 0.225240 0.201754 0.143770
2 0.540936 0.785942 0.111111 0.146965
3 0.654971 0.570288 0.058480 0.067093
0 0.388889 0.234824 0.064327 0.073482
0 0.288012 0.100639 0.061404 0.067093
0 0.203216 0.121406 0.055556 0.057508
0 0.149123 0.105431 0.046784 0.063898
0 0.073099 0.099042 0.058480 0.051118
0 0.021930 0.137380 0.038012 0.057508
0 0.076023 0.242812 0.040936 0.063898
0 0.133041 0.547923 0.073099 0.073482
0 0.273392 0.444089 0.043860 0.044728
0 0.407895 0.448882 0.073099 0.060703
0 0.472222 0.431310 0.049708 0.108626
0 0.597953 0.383387 0.049708 0.083067
0 0.573099 0.284345 0.040936 0.057508
0 0.312865 0.289137 0.052632 0.047923
0 0.286550 0.150160 0.058480 0.051118
0 0.252924 0.167732 0.032164 0.054313
0 0.516082 0.135783 0.049708 0.047923
0 0.536550 0.178914 0.055556 0.057508
0 0.497076 0.191693 0.029240 0.070288
0 0.891813 0.217252 0.064327 0.076677
0 0.839181 0.183706 0.035088 0.067093
0 0.679825 0.450479 0.055556 0.070288
0 0.573099 0.472843 0.040936 0.063898
0 0.614035 0.455272 0.046784 0.047923
0 0.415205 0.554313 0.046784 0.092652
0 0.258772 0.645367 0.078947 0.063898
0 0.159357 0.615016 0.055556 0.067093
0 0.074561 0.688498 0.049708 0.054313
0 0.146199 0.674121 0.040936 0.057508
0 0.116959 0.677316 0.040936 0.051118
0 0.200292 0.766773 0.049708 0.102236
0 0.264620 0.761981 0.055556 0.079872
0 0.416667 0.741214 0.061404 0.076677
0 0.489766 0.902556 0.061404 0.067093
0 0.211988 0.915335 0.096491 0.060703
0 0.318713 0.939297 0.040936 0.044728
0 0.732456 0.777955 0.096491 0.067093
0 0.834795 0.670927 0.049708 0.057508
0 0.824561 0.597444 0.052632 0.063898
0 0.786550 0.426518 0.040936 0.073482
0 0.885965 0.726837 0.052632 0.060703
0 0.789474 0.915335 0.058480 0.047923
0 0.896199 0.977636 0.055556 0.044728
0 0.858187 0.928115 0.055556 0.047923
0 0.836257 0.966454 0.052632 0.054313
0 0.833333 0.431310 0.046784 0.083067
0 0.464912 0.525559 0.029240 0.060703
0 0.783626 0.317891 0.070175 0.054313
