0 0.100649 0.066775 0.077922 0.055375
0 0.092532 0.304560 0.042208 0.081433
0 0.194805 0.309446 0.064935 0.071661
0 0.362013 0.548860 0.094156 0.061889
0 0.287338 0.734528 0.074675 0.061889
0 0.532468 0.666124 0.077922 0.055375
0 0.582792 0.328990 0.068182 0.045603
0 0.892857 0.390879 0.077922 0.071661
0 0.702922 0.237785 0.081169 0.065147
0 0.689935 0.167752 0.081169 0.048860
0 0.724026 0.060261 0.077922 0.042345
0 0.878247 0.115635 0.074675 0.048860
0 0.810065 0.058632 0.061688 0.078176
0 0.883117 0.058632 0.071429 0.071661
0 0.293831 0.923453 0.055195 0.114007
0 0.347403 0.957655 0.064935 0.065147
0 0.396104 0.933225 0.058442 0.068404
0 0.472403 0.877850 0.081169 0.107492
0 0.620130 0.812704 0.058442 0.068404
0 0.655844 0.801303 0.051948 0.052117
0 0.805195 0.744300 0.084416 0.035831
0 0.733766 0.905537 0.071429 0.071661
0 0.772727 0.915309 0.045455 0.071661
0 0.881494 0.907166 0.074675 0.055375
0 0.922078 0.952769 0.064935 0.061889
0 0.834416 0.876221 0.071429 0.032573
0 0.821429 0.899023 0.071429 0.045603
0 0.852273 0.835505 0.061688 0.074919
0 0.282468 0.086319 0.071429 0.074919
0 0.334416 0.076547 0.077922 0.068404
0 0.576299 0.084691 0.074675 0.084691
0 0.600649 0.381107 0.051948 0.078176
