0 0.250000 0.604575 0.070470 0.045752
0 0.298658 0.550654 0.073826 0.035948
0 0.286913 0.651961 0.057047 0.055556
0 0.224832 0.834967 0.080537 0.062092
0 0.513423 0.828431 0.053691 0.068627
0 0.203020 0.454248 0.043624 0.065359
0 0.129195 0.470588 0.050336 0.052288
0 0.078859 0.063725 0.070470 0.049020
0 0.224832 0.052288 0.053691 0.058824
0 0.290268 0.325163 0.063758 0.049020
0 0.196309 0.919935 0.063758 0.062092
0 0.639262 0.352941 0.057047 0.052288
0 0.733221 0.544118 0.070470 0.035948
0 0.820470 0.392157 0.063758 0.039216
