0 0.332447 0.937685 0.047872 0.071217
0 0.417553 0.571217 0.037234 0.062315
0 0.449468 0.494065 0.058511 0.038576
0 0.515957 0.436202 0.031915 0.065282
0 0.597074 0.370920 0.045213 0.059347
0 0.760638 0.544510 0.058511 0.032641
0 0.795213 0.108309 0.026596 0.062315
0 0.827128 0.198813 0.058511 0.047478
0 0.150266 0.323442 0.077128 0.047478
0 0.317819 0.048961 0.029255 0.074184
0 0.164894 0.029674 0.037234 0.053412
0 0.083777 0.053412 0.039894 0.077151
0 0.550532 0.617211 0.021277 0.059347
0 0.819149 0.851632 0.058511 0.059347
0 0.807181 0.894659 0.061170 0.044510
