0 0.072886 0.388889 0.052478 0.079365
0 0.212828 0.260317 0.040816 0.076190
0 0.383382 0.433333 0.055394 0.060317
0 0.406706 0.488889 0.084548 0.044444
0 0.533528 0.323810 0.040816 0.069841
0 0.639942 0.069841 0.072886 0.050794
0 0.810496 0.442857 0.064140 0.079365
0 0.775510 0.511111 0.029155 0.069841
0 0.489796 0.065079 0.040816 0.047619
0 0.437318 0.050794 0.058309 0.050794
0 0.252187 0.696825 0.061224 0.060317
0 0.151603 0.901587 0.052478 0.088889
0 0.182216 0.960317 0.061224 0.060317
0 0.728863 0.861905 0.064140 0.047619
0 0.937318 0.858730 0.055394 0.066667
0 0.930029 0.753968 0.058309 0.060317
0 0.771137 0.079365 0.055394 0.038095
