0 0.441281 0.291379 0.064057 0.058621
0 0.282918 0.339655 0.060498 0.058621
0 0.124555 0.215517 0.064057 0.079310
0 0.088968 0.112069 0.049822 0.079310
0 0.503559 0.075862 0.081851 0.068966
0 0.494662 0.175862 0.035587 0.075862
0 0.567616 0.132759 0.046263 0.065517
0 0.670819 0.377586 0.088968 0.072414
0 0.891459 0.246552 0.060498 0.065517
0 0.820285 0.234483 0.067616 0.048276
0 0.806050 0.281034 0.053381 0.051724
0 0.852313 0.579310 0.053381 0.082759
0 0.583630 0.736207 0.071174 0.065517
0 0.387900 0.753448 0.056940 0.065517
0 0.245552 0.631034 0.042705 0.068966
0 0.227758 0.910345 0.049822 0.096552
0 0.414591 0.901724 0.046263 0.072414
0 0.562278 0.817241 0.049822 0.055172
0 0.628114 0.893103 0.067616 0.055172
0 0.679715 0.913793 0.042705 0.062069
0 0.846975 0.929310 0.078292 0.044828
