0 0.124561 0.132979 0.059649 0.081560
0 0.471930 0.065603 0.101754 0.053191
0 0.682456 0.076241 0.087719 0.039007
0 0.787719 0.182624 0.080702 0.074468
0 0.935088 0.125887 0.052632 0.088652
0 0.933333 0.320922 0.056140 0.074468
0 0.689474 0.329787 0.073684 0.078014
0 0.614035 0.445035 0.091228 0.067376
0 0.905263 0.595745 0.077193 0.070922
0 0.887719 0.659574 0.077193 0.085106
0 0.621053 0.725177 0.098246 0.060284
0 0.412281 0.718085 0.080702 0.081560
0 0.450877 0.569149 0.087719 0.046099
0 0.384211 0.446809 0.087719 0.078014
0 0.198246 0.319149 0.066667 0.042553
0 0.270175 0.333333 0.091228 0.070922
0 0.121053 0.381206 0.080702 0.053191
0 0.115789 0.507092 0.098246 0.078014
0 0.250877 0.507092 0.066667 0.085106
0 0.031579 0.365248 0.056140 0.134752
0 0.124561 0.732270 0.052632 0.088652
0 0.187719 0.753546 0.073684 0.060284
0 0.266667 0.691489 0.070175 0.056738
0 0.336842 0.652482 0.098246 0.056738
0 0.280702 0.796099 0.091228 0.060284
0 0.394737 0.882979 0.073684 0.085106
0 0.110526 0.868794 0.080702 0.063830
0 0.173684 0.884752 0.052632 0.060284
0 0.207018 0.898936 0.070175 0.053191
0 0.629825 0.863475 0.073684 0.095745
0 0.826316 0.941489 0.115789 0.081560