0 0.275073 0.059755 0.024952 0.022610
0 0.326550 0.078004 0.018895 0.028101
0 0.350533 0.121609 0.019380 0.030039
0 0.326550 0.131298 0.035853 0.039729
0 0.383479 0.165213 0.017442 0.015181
0 0.269259 0.362565 0.018169 0.037145
0 0.279312 0.413114 0.015019 0.021964
0 0.539486 0.069929 0.021802 0.028101
0 0.524830 0.114018 0.010901 0.025840
0 0.620640 0.089309 0.024225 0.041021
0 0.673328 0.071544 0.023014 0.028101
0 0.588784 0.166828 0.015262 0.021641
0 0.573643 0.117571 0.021318 0.026486
0 0.377180 0.117894 0.021802 0.032300
0 0.552689 0.350937 0.023014 0.024871
0 0.492248 0.256460 0.021802 0.032946
0 0.530644 0.188146 0.013808 0.024225
0 0.637839 0.169251 0.019864 0.028424
0 0.721415 0.226583 0.017442 0.024871
0 0.726260 0.277132 0.018895 0.022610
0 0.525194 0.279877 0.017442 0.020349
0 0.568193 0.242733 0.011386 0.030039
0 0.328125 0.403747 0.023014 0.035530
0 0.427689 0.490633 0.017684 0.023256
0 0.496730 0.611273 0.013808 0.027455
0 0.626332 0.601583 0.017684 0.027455
0 0.689559 0.639696 0.025436 0.030685
0 0.702398 0.669574 0.023014 0.025840
0 0.733164 0.476098 0.020591 0.020026
0 0.652616 0.463178 0.021802 0.026486
0 0.582728 0.483366 0.020107 0.033269
0 0.622699 0.483689 0.022529 0.024225
0 0.617490 0.493540 0.021802 0.022610
0 0.653949 0.424742 0.020591 0.025840
0 0.589390 0.406331 0.021318 0.022610
0 0.570010 0.722384 0.016473 0.036499
0 0.608164 0.185885 0.021076 0.030685
0 0.443193 0.106751 0.020591 0.024225
0 0.454336 0.100614 0.022529 0.020349
0 0.695010 0.296835 0.024225 0.025194
0 0.258479 0.206395 0.026647 0.038114
0 0.443920 0.070413 0.013808 0.023256
0 0.393653 0.178456 0.018895 0.021641
0 0.775921 0.552003 0.020833 0.017442
0 0.615310 0.686693 0.022287 0.016796
0 0.444767 0.637274 0.018411 0.018734
0 0.408188 0.643088 0.013081 0.026486
0 0.407219 0.706395 0.011143 0.026486
0 0.579457 0.546835 0.016473 0.021318
0 0.538275 0.612080 0.016473 0.022610
0 0.474564 0.701550 0.014050 0.021964
0 0.490310 0.703488 0.017442 0.025840
0 0.526405 0.774871 0.014050 0.021318
0 0.554748 0.750323 0.028101 0.029070
0 0.609496 0.778747 0.024225 0.022610
0 0.589874 0.804587 0.015988 0.030362
0 0.689196 0.737726 0.022771 0.031008
0 0.772045 0.785530 0.016957 0.025840
0 0.736919 0.771641 0.022287 0.026486
0 0.743702 0.729005 0.018411 0.022610
0 0.726260 0.742248 0.018411 0.015504
0 0.779070 0.748708 0.019380 0.033592
0 0.749758 0.569121 0.016957 0.032300
0 0.643653 0.746124 0.020833 0.024548
0 0.626938 0.827519 0.022287 0.021964
0 0.635417 0.791344 0.013081 0.031008
0 0.447432 0.800711 0.020833 0.032946
0 0.337694 0.667636 0.023256 0.043282
0 0.252665 0.708979 0.026647 0.022610
0 0.265019 0.686370 0.015504 0.035530
0 0.376453 0.775517 0.018411 0.031654
0 0.406734 0.801357 0.019864 0.026486
0 0.381541 0.655362 0.011143 0.044574
0 0.403828 0.927649 0.019864 0.037468
0 0.398256 0.895995 0.023256 0.025840
0 0.397045 0.861434 0.015019 0.026486
0 0.286579 0.893088 0.015019 0.041990
0 0.719961 0.903747 0.021318 0.024548
0 0.510417 0.863049 0.022771 0.036176
0 0.505329 0.895349 0.015504 0.020672
0 0.503391 0.916344 0.015504 0.022610
0 0.527374 0.890827 0.015988 0.023256
0 0.527859 0.907946 0.021802 0.017442
0 0.284399 0.492571 0.017442 0.029070
0 0.251696 0.901486 0.019864 0.030362
0 0.361192 0.852067 0.019864 0.025840
0 0.702277 0.831072 0.024709 0.036822
0 0.688469 0.846253 0.016473 0.032300
0 0.436289 0.872093 0.023740 0.021964
0 0.388808 0.873708 0.026647 0.025194
0 0.427810 0.896318 0.023256 0.025194
0 0.450097 0.691860 0.021318 0.021964
0 0.731589 0.691860 0.014535 0.027132
0 0.355862 0.345930 0.022771 0.023902
0 0.307655 0.065245 0.011628 0.036176
0 0.769622 0.227390 0.017926 0.028424
