0 0.240310 0.114583 0.020672 0.021802
0 0.282623 0.131056 0.020026 0.018895
0 0.319121 0.112645 0.027132 0.012112
0 0.343023 0.106831 0.025840 0.012112
0 0.244186 0.173934 0.021964 0.023256
0 0.229651 0.215601 0.030362 0.016473
0 0.452842 0.108769 0.031008 0.014050
0 0.525194 0.103440 0.034884 0.023740
0 0.672804 0.110707 0.016150 0.028585
0 0.725775 0.097141 0.014858 0.019864
0 0.817829 0.103198 0.023256 0.021318
0 0.796189 0.096415 0.017442 0.023256
0 0.772933 0.061289 0.016150 0.020833
0 0.893734 0.133479 0.027778 0.016957
0 0.915698 0.142200 0.021318 0.009205
0 0.820090 0.150436 0.017442 0.023740
0 0.177003 0.184351 0.040052 0.015019
0 0.182494 0.204942 0.022610 0.026163
0 0.153101 0.162306 0.027132 0.023256
0 0.189599 0.106347 0.026486 0.020833
0 0.203165 0.112888 0.022610 0.015504
0 0.330426 0.154554 0.021318 0.021318
0 0.351744 0.155523 0.017442 0.021318
0 0.397610 0.153101 0.021318 0.015504
0 0.451227 0.126211 0.030362 0.021802
0 0.492571 0.090843 0.029070 0.015988
0 0.550065 0.141473 0.026486 0.025194
0 0.422804 0.156734 0.029070 0.019864
0 0.584302 0.228682 0.029070 0.021318
0 0.587855 0.149952 0.023256 0.018895
0 0.697351 0.095930 0.032946 0.022287
0 0.842377 0.114341 0.025840 0.016473
0 0.905685 0.160610 0.023256 0.012112
0 0.859819 0.142442 0.021964 0.016473
0 0.883075 0.235223 0.025840 0.023740
0 0.915698 0.189438 0.031654 0.025194
0 0.916021 0.175630 0.028424 0.013081
0 0.664406 0.298207 0.021318 0.012112
0 0.593992 0.264050 0.022610 0.020349
0 0.615956 0.255572 0.030362 0.032461
0 0.652778 0.265746 0.014858 0.022771
0 0.672804 0.228440 0.034238 0.014050
0 0.811047 0.369671 0.030362 0.026163
0 0.693152 0.374758 0.021964 0.017926
0 0.802649 0.401163 0.018734 0.018411
0 0.880168 0.355620 0.030362 0.014535
0 0.939276 0.321948 0.019380 0.020833
0 0.866925 0.301841 0.023256 0.027132
0 0.870801 0.323643 0.034884 0.016473
0 0.692506 0.281734 0.031008 0.022771
0 0.687984 0.244671 0.033592 0.014535
0 0.417959 0.177083 0.032300 0.013081
0 0.662145 0.188711 0.023256 0.018895
0 0.528424 0.168605 0.028424 0.023256
0 0.400840 0.195494 0.026486 0.013081
0 0.419251 0.195252 0.019380 0.016473
0 0.377261 0.217539 0.025840 0.015504
0 0.316860 0.329215 0.031654 0.015988
0 0.366279 0.375969 0.033592 0.022287
0 0.171189 0.276890 0.029716 0.022771
0 0.253553 0.274467 0.030362 0.027616
0 0.177003 0.161822 0.019380 0.021318
0 0.186370 0.302810 0.036822 0.020349
0 0.164729 0.329457 0.011628 0.023256
0 0.133721 0.314438 0.024548 0.018411
0 0.144380 0.383479 0.026486 0.012112
0 0.161176 0.377180 0.013566 0.018895
0 0.255491 0.366764 0.029070 0.012597
0 0.273256 0.373789 0.027132 0.014050
0 0.244509 0.470930 0.020026 0.022287
0 0.224160 0.418362 0.021964 0.016957
0 0.234496 0.411579 0.020672 0.024709
0 0.270349 0.308866 0.048450 0.026647
0 0.384367 0.276647 0.024548 0.022287
0 0.387274 0.338663 0.016150 0.018411
0 0.396318 0.316376 0.012274 0.025194
0 0.412468 0.336967 0.018734 0.019864
0 0.454780 0.313227 0.031008 0.015988
0 0.246770 0.235465 0.025840 0.017442
0 0.468346 0.403828 0.021964 0.015988
0 0.500969 0.436289 0.022610 0.018895
0 0.641796 0.201550 0.010982 0.022287
0 0.667959 0.309593 0.025840 0.012597
0 0.670220 0.329457 0.025194 0.011628
0 0.790698 0.250000 0.041344 0.015504
0 0.800388 0.267200 0.018088 0.021802
0 0.756460 0.305475 0.015504 0.019864
0 0.716731 0.311773 0.026486 0.020833
0 0.588501 0.280523 0.023256 0.021318
0 0.526809 0.256783 0.023902 0.021318
0 0.379845 0.168362 0.020672 0.010174
0 0.306202 0.233527 0.016796 0.014535
0 0.291667 0.230136 0.018734 0.012597
0 0.882429 0.270591 0.024548 0.015019
0 0.820736 0.232074 0.029070 0.024225
0 0.849483 0.215116 0.021964 0.024225
0 0.805556 0.210756 0.029716 0.013566
0 0.810078 0.199370 0.027132 0.020833
0 0.717054 0.195979 0.025840 0.021802
0 0.704457 0.177083 0.036822 0.012112
0 0.688953 0.117248 0.016150 0.019380
0 0.958656 0.432655 0.019380 0.024225
0 0.829134 0.444283 0.032946 0.028101
0 0.597868 0.474322 0.022610 0.026163
0 0.583979 0.495397 0.027132 0.013081
0 0.687661 0.446705 0.014858 0.020349
0 0.708656 0.472626 0.023256 0.019864
0 0.695736 0.507510 0.020672 0.021802
0 0.795220 0.476260 0.031008 0.017442
0 0.799742 0.508963 0.018088 0.028585
0 0.943475 0.545058 0.025194 0.018411
0 0.827842 0.537791 0.017442 0.017442
0 0.843023 0.545785 0.019380 0.019864
0 0.158915 0.486192 0.025840 0.018895
0 0.157623 0.522287 0.027132 0.019380
0 0.219315 0.512112 0.030362 0.018411
0 0.243540 0.572917 0.020672 0.022771
0 0.226098 0.567103 0.019380 0.020833
0 0.223514 0.585271 0.031008 0.014535
0 0.227713 0.599806 0.026486 0.022287
0 0.316860 0.581153 0.023902 0.019864
0 0.287468 0.548934 0.027132 0.020349
0 0.314276 0.424661 0.026486 0.021802
0 0.432171 0.507267 0.018088 0.027132
0 0.381137 0.594719 0.028424 0.022771
0 0.448966 0.575097 0.016796 0.014535
0 0.473514 0.578973 0.016796 0.021318
0 0.454780 0.602229 0.037468 0.011628
0 0.527778 0.593750 0.018088 0.025678
0 0.277778 0.614826 0.029716 0.022287
0 0.145026 0.626938 0.032946 0.012597
0 0.180233 0.623304 0.049096 0.016957
0 0.218992 0.645107 0.032300 0.016957
0 0.254845 0.642684 0.027778 0.009205
0 0.178295 0.651405 0.025840 0.017926
0 0.204457 0.658672 0.023902 0.022771
0 0.166667 0.854167 0.024548 0.019380
0 0.234173 0.847384 0.022610 0.026163
0 0.167313 0.830911 0.031008 0.017442
0 0.215439 0.799661 0.027778 0.022771
0 0.181525 0.812742 0.027132 0.017926
0 0.241279 0.780039 0.027778 0.019380
0 0.339147 0.813711 0.027132 0.021802
0 0.411499 0.830426 0.024548 0.011628
0 0.432817 0.842297 0.023256 0.017926
0 0.623708 0.806202 0.025194 0.022287
0 0.605943 0.777132 0.025840 0.010659
0 0.532623 0.743459 0.029070 0.022771
0 0.544574 0.717297 0.031008 0.024709
0 0.591408 0.721172 0.010982 0.018895
0 0.593023 0.679021 0.027132 0.016957
0 0.638566 0.758721 0.020026 0.020349
0 0.560401 0.796754 0.021318 0.017926
0 0.453488 0.779554 0.028424 0.025194
0 0.389858 0.763324 0.034238 0.025678
0 0.426034 0.803052 0.027778 0.015988
0 0.293605 0.757994 0.030362 0.018895
0 0.179587 0.686531 0.031008 0.018411
0 0.168605 0.707364 0.031008 0.016473
0 0.696382 0.784884 0.019380 0.017442
0 0.397933 0.669574 0.019380 0.014535
0 0.452196 0.679264 0.015504 0.023256
0 0.911822 0.617733 0.026486 0.014535
0 0.813953 0.740310 0.032300 0.015504
0 0.933786 0.740552 0.020026 0.022771
0 0.161176 0.731831 0.030362 0.015988
0 0.260336 0.738130 0.032300 0.015988
0 0.233527 0.767684 0.027778 0.014050
0 0.205426 0.755572 0.033592 0.023740
0 0.277132 0.702519 0.027132 0.024225
0 0.401486 0.787548 0.020026 0.016957
0 0.489664 0.796512 0.024548 0.020349
0 0.499031 0.808624 0.029070 0.020349
0 0.445090 0.818556 0.018088 0.009205
0 0.282300 0.741037 0.020672 0.018895
0 0.187984 0.708091 0.020672 0.015988
0 0.662791 0.740552 0.020672 0.018895
0 0.665052 0.756541 0.023902 0.017926
0 0.664729 0.771076 0.023256 0.016957
0 0.672158 0.788275 0.017442 0.023256
0 0.700581 0.766957 0.021318 0.021318
0 0.688307 0.685562 0.032946 0.018411
0 0.743217 0.675630 0.031654 0.024709
0 0.775840 0.685804 0.018088 0.026647
0 0.801034 0.703246 0.037468 0.017926
0 0.831718 0.724806 0.030362 0.019380
0 0.688953 0.879603 0.018734 0.022771
0 0.569767 0.825824 0.021964 0.021802
0 0.909884 0.720930 0.030362 0.019380
0 0.889212 0.668847 0.034238 0.015019
0 0.582364 0.852229 0.021318 0.013566
0 0.657623 0.408188 0.012920 0.022771
0 0.612726 0.438953 0.020026 0.022287
0 0.964470 0.664729 0.025840 0.016473
