0 0.066667 0.122837 0.066667 0.079585
0 0.068333 0.231834 0.070000 0.083045
0 0.343333 0.081315 0.093333 0.044983
0 0.450000 0.027682 0.100000 0.048443
0 0.753333 0.256055 0.086667 0.076125
0 0.756667 0.406574 0.033333 0.065744
0 0.860000 0.306228 0.086667 0.031142
0 0.901667 0.207612 0.090000 0.069204
0 0.820000 0.463668 0.066667 0.055363
0 0.836667 0.700692 0.053333 0.079585
0 0.968333 0.553633 0.050000 0.089965
0 0.806667 0.780277 0.066667 0.058824
0 0.500000 0.659170 0.053333 0.079585
0 0.626667 0.482699 0.060000 0.065744
0 0.660000 0.532872 0.053333 0.076125
0 0.395000 0.553633 0.063333 0.069204
0 0.253333 0.475779 0.046667 0.079585
0 0.203333 0.543253 0.100000 0.083045
0 0.091667 0.704152 0.083333 0.065744
0 0.288333 0.823529 0.096667 0.083045
0 0.228333 0.911765 0.063333 0.065744
0 0.705000 0.826990 0.076667 0.055363
0 0.680000 0.894464 0.053333 0.038062
0 0.735000 0.892734 0.096667 0.069204
0 0.036667 0.830450 0.066667 0.055363
0 0.288333 0.124567 0.076667 0.055363
0 0.265000 0.159170 0.076667 0.041522
0 0.206667 0.178201 0.066667 0.038062
0 0.141667 0.167820 0.096667 0.072664
0 0.850000 0.070934 0.066667 0.086505
0 0.593333 0.935986 0.100000 0.079585
