0 0.139773 0.095507 0.040981 0.031947
0 0.180388 0.107155 0.021222 0.021963
0 0.166850 0.152413 0.035126 0.021963
0 0.104281 0.168719 0.016831 0.029285
0 0.214782 0.208985 0.040249 0.024626
0 0.235273 0.289517 0.035858 0.019301
0 0.192097 0.363727 0.030004 0.047920
0 0.257226 0.388020 0.037322 0.017970
0 0.257226 0.455241 0.032931 0.013977
0 0.377607 0.494176 0.024881 0.023960
0 0.435785 0.492512 0.034394 0.013977
0 0.329674 0.338103 0.019759 0.027288
0 0.378705 0.286522 0.030004 0.017304
0 0.462495 0.347088 0.016100 0.030616
0 0.439810 0.428619 0.021954 0.020632
0 0.560556 0.342097 0.016100 0.027288
0 0.569704 0.562729 0.040249 0.019967
0 0.702891 0.425624 0.032931 0.019967
0 0.689718 0.382696 0.021222 0.028619
0 0.797292 0.564060 0.028540 0.017304
0 0.859129 0.235940 0.039517 0.027953
0 0.881083 0.221298 0.024881 0.025291
0 0.516282 0.218636 0.022686 0.030616
0 0.513355 0.266223 0.032931 0.019301
0 0.514819 0.114476 0.030004 0.024626
0 0.553970 0.133777 0.033663 0.013977
0 0.564947 0.074875 0.030735 0.030616
0 0.581046 0.067887 0.021954 0.021963
0 0.731065 0.035607 0.027808 0.025291
0 0.764362 0.126123 0.027076 0.019967
0 0.480059 0.134110 0.038053 0.018636
0 0.117087 0.754742 0.023417 0.025957
0 0.137212 0.844592 0.038785 0.027288
0 0.201610 0.870549 0.022686 0.031281
0 0.229784 0.982030 0.035126 0.018636
0 0.277717 0.970050 0.030004 0.022629
0 0.227589 0.922130 0.032199 0.025291
0 0.242591 0.926456 0.032931 0.031281
