0 0.276596 0.081433 0.048632 0.039088
0 0.306991 0.114007 0.048632 0.039088
0 0.258359 0.122150 0.072948 0.061889
0 0.293313 0.198697 0.075988 0.071661
0 0.404255 0.332248 0.079027 0.078176
0 0.595745 0.154723 0.079027 0.074919
0 0.875380 0.185668 0.054711 0.071661
0 0.978723 0.140065 0.036474 0.084691
0 0.911854 0.307818 0.054711 0.055375
0 0.907295 0.351792 0.051672 0.058632
0 0.808511 0.200326 0.042553 0.061889
0 0.822188 0.229642 0.057751 0.061889
0 0.749240 0.385993 0.057751 0.100977
0 0.817629 0.420195 0.054711 0.045603
0 0.591185 0.294788 0.063830 0.061889
0 0.636778 0.322476 0.057751 0.084691
0 0.683891 0.649837 0.072948 0.042345
0 0.867781 0.609121 0.069909 0.039088
0 0.910334 0.550489 0.063830 0.084691
0 0.920973 0.745928 0.048632 0.084691
0 0.975684 0.705212 0.048632 0.068404
0 0.948328 0.820847 0.048632 0.058632
0 0.700608 0.701954 0.082067 0.055375
0 0.348024 0.426710 0.075988 0.039088
0 0.162614 0.271987 0.069909 0.081433
0 0.138298 0.348534 0.088146 0.065147
0 0.124620 0.504886 0.048632 0.078176
0 0.211246 0.503257 0.082067 0.055375
0 0.328267 0.552117 0.079027 0.081433
0 0.200608 0.574919 0.048632 0.055375
0 0.176292 0.431596 0.060790 0.035831
0 0.155015 0.680782 0.072948 0.045603
0 0.372340 0.703583 0.051672 0.065147
0 0.516717 0.770358 0.085106 0.068404
0 0.609422 0.706840 0.051672 0.084691
0 0.803951 0.926710 0.082067 0.074919
0 0.642857 0.736156 0.057751 0.032573
0 0.639818 0.763844 0.063830 0.055375
0 0.682371 0.802932 0.088146 0.048860
0 0.258359 0.869707 0.072948 0.078176
0 0.155015 0.908795 0.054711 0.065147
