0 0.325163 0.186594 0.055556 0.061594
0 0.331699 0.240942 0.042484 0.054348
0 0.418301 0.088768 0.065359 0.054348
0 0.446078 0.121377 0.029412 0.061594
0 0.490196 0.123188 0.058824 0.043478
0 0.449346 0.188406 0.075163 0.057971
0 0.532680 0.259058 0.078431 0.112319
0 0.614379 0.155797 0.058824 0.065217
0 0.715686 0.114130 0.045752 0.076087
0 0.738562 0.028986 0.091503 0.050725
0 0.795752 0.172101 0.068627 0.076087
0 0.874183 0.164855 0.042484 0.083333
0 0.815359 0.257246 0.035948 0.072464
0 0.838235 0.291667 0.049020 0.061594
0 0.700980 0.239130 0.068627 0.028986
0 0.671569 0.297101 0.081699 0.050725
0 0.506536 0.349638 0.124183 0.076087
0 0.424837 0.427536 0.078431 0.079710
0 0.279412 0.307971 0.075163 0.086957
0 0.299020 0.427536 0.068627 0.072464
0 0.369281 0.528986 0.052288 0.079710
0 0.316993 0.536232 0.065359 0.086957
0 0.315359 0.597826 0.049020 0.057971
0 0.225490 0.576087 0.078431 0.065217
0 0.250000 0.637681 0.055556 0.065217
0 0.395425 0.635870 0.045752 0.076087
0 0.333333 0.661232 0.039216 0.061594
0 0.359477 0.681159 0.065359 0.036232
0 0.550654 0.539855 0.062092 0.072464
0 0.700980 0.483696 0.049020 0.068841
0 0.699346 0.625000 0.065359 0.061594
0 0.573529 0.682971 0.062092 0.054348
0 0.797386 0.527174 0.071895 0.054348
0 0.771242 0.320652 0.039216 0.090580
0 0.750000 0.407609 0.068627 0.047101
0 0.764706 0.460145 0.071895 0.065217
0 0.818627 0.427536 0.055556 0.072464
0 0.897059 0.375000 0.062092 0.054348
0 0.101307 0.155797 0.045752 0.072464
0 0.099673 0.217391 0.062092 0.079710
0 0.068627 0.315217 0.052288 0.086957
0 0.066993 0.726449 0.062092 0.097826
0 0.194444 0.726449 0.088235 0.061594
0 0.218954 0.777174 0.084967 0.054348
0 0.031046 0.847826 0.055556 0.072464
0 0.395425 0.942029 0.071895 0.115942
0 0.480392 0.891304 0.058824 0.094203
0 0.604575 0.789855 0.078431 0.086957
0 0.660131 0.780797 0.032680 0.090580
0 0.687908 0.813406 0.055556 0.039855
0 0.709150 0.849638 0.052288 0.061594
0 0.686275 0.914855 0.065359 0.061594
0 0.728758 0.561594 0.058824 0.086957
0 0.901961 0.463768 0.065359 0.065217
0 0.890523 0.516304 0.068627 0.054348
0 0.906863 0.592391 0.062092 0.068841
0 0.766340 0.657609 0.075163 0.090580
0 0.839869 0.704710 0.058824 0.090580
0 0.875817 0.652174 0.091503 0.050725
0 0.921569 0.706522 0.065359 0.050725
0 0.849673 0.818841 0.052288 0.072464
0 0.065359 0.105072 0.039216 0.086957
0 0.029412 0.072464 0.052288 0.065217
0 0.857843 0.969203 0.062092 0.061594
0 0.741830 0.737319 0.058824 0.068841
0 0.264706 0.956522 0.084967 0.086957
0 0.813725 0.610507 0.052288 0.061594
