0 0.199713 0.102564 0.066092 0.032051
0 0.166667 0.141026 0.097701 0.051282
0 0.235632 0.222756 0.091954 0.080128
0 0.442529 0.059295 0.057471 0.041667
0 0.498563 0.049679 0.054598 0.073718
0 0.636494 0.089744 0.066092 0.083333
0 0.754310 0.075321 0.043103 0.086538
0 0.859195 0.118590 0.074713 0.070513
0 0.863506 0.171474 0.071839 0.067308
0 0.945402 0.232372 0.045977 0.092949
0 0.581897 0.266026 0.071839 0.083333
0 0.637931 0.309295 0.045977 0.092949
0 0.334770 0.315705 0.071839 0.073718
0 0.334770 0.357372 0.123563 0.067308
0 0.323276 0.443910 0.083333 0.118590
0 0.232759 0.424679 0.057471 0.060897
0 0.231322 0.467949 0.094828 0.076923
0 0.145115 0.328526 0.066092 0.041667
0 0.168103 0.365385 0.060345 0.070513
0 0.091954 0.461538 0.045977 0.057692
0 0.068966 0.051282 0.074713 0.051282
0 0.715517 0.434295 0.091954 0.060897
0 0.541667 0.447115 0.060345 0.060897
0 0.537356 0.580128 0.045977 0.076923
0 0.406609 0.532051 0.100575 0.083333
0 0.275862 0.613782 0.040230 0.073718
0 0.067529 0.697115 0.054598 0.086538
0 0.136494 0.754808 0.066092 0.086538
0 0.136494 0.846154 0.048851 0.076923
0 0.214080 0.956731 0.060345 0.080128
0 0.320402 0.921474 0.066092 0.099359
0 0.497126 0.807692 0.045977 0.064103
0 0.551724 0.758013 0.051724 0.086538
0 0.691092 0.681090 0.054598 0.060897
0 0.739943 0.674679 0.054598 0.073718
0 0.708333 0.721154 0.066092 0.044872
0 0.883621 0.653846 0.071839 0.115385
0 0.943966 0.479167 0.071839 0.067308
0 0.708333 0.913462 0.060345 0.070513
0 0.497126 0.939103 0.091954 0.076923
0 0.412356 0.971154 0.083333 0.057692
0 0.056034 0.118590 0.054598 0.057692
