0 0.157285 0.222910 0.109272 0.068111
0 0.377483 0.147059 0.079470 0.095975
0 0.230132 0.133127 0.069536 0.068111
0 0.248344 0.170279 0.039735 0.049536
0 0.312914 0.164087 0.062914 0.049536
0 0.162252 0.032508 0.099338 0.058824
0 0.206954 0.441176 0.076159 0.071207
0 0.289735 0.297214 0.069536 0.074303
0 0.175497 0.283282 0.092715 0.058824
0 0.392384 0.434985 0.043046 0.077399
0 0.513245 0.419505 0.066225 0.058824
0 0.652318 0.303406 0.066225 0.049536
0 0.783113 0.249226 0.062914 0.083591
0 0.826159 0.193498 0.109272 0.052632
0 0.832781 0.134675 0.076159 0.065015
0 0.831126 0.052632 0.086093 0.055728
0 0.693709 0.066563 0.062914 0.077399
0 0.642384 0.125387 0.066225 0.065015
0 0.521523 0.495356 0.076159 0.068111
0 0.798013 0.500000 0.079470 0.040248
0 0.819536 0.552632 0.089404 0.058824
0 0.602649 0.623839 0.105960 0.065015
0 0.500000 0.597523 0.066225 0.055728
0 0.519868 0.653251 0.079470 0.061920
0 0.559603 0.718266 0.052980 0.068111
0 0.187086 0.578947 0.122517 0.074303
0 0.261589 0.643963 0.066225 0.068111
0 0.052980 0.535604 0.092715 0.086687
0 0.200331 0.783282 0.076159 0.117647
0 0.059603 0.756966 0.066225 0.065015
0 0.069536 0.846749 0.052980 0.071207
0 0.412252 0.886997 0.049669 0.077399
0 0.591060 0.882353 0.082781 0.068111
0 0.928808 0.713622 0.043046 0.089783
