0 0.290411 0.358824 0.038356 0.082353
0 0.349315 0.255882 0.073973 0.058824
0 0.079452 0.377941 0.065753 0.067647
0 0.198630 0.332353 0.063014 0.076471
0 0.152055 0.263235 0.084932 0.073529
0 0.638356 0.147059 0.060274 0.047059
0 0.819178 0.269118 0.043836 0.097059
0 0.773973 0.313235 0.068493 0.044118
0 0.793151 0.507353 0.057534 0.091176
0 0.691781 0.736765 0.057534 0.061765
0 0.867123 0.786765 0.079452 0.097059
0 0.406849 0.885294 0.068493 0.064706
0 0.420548 0.782353 0.041096 0.070588
0 0.328767 0.808824 0.060274 0.076471
0 0.346575 0.727941 0.052055 0.073529
0 0.442466 0.666176 0.095890 0.055882
0 0.487671 0.692647 0.043836 0.044118
0 0.517808 0.598529 0.065753 0.038235
0 0.558904 0.670588 0.065753 0.082353
0 0.556164 0.525000 0.065753 0.085294
0 0.509589 0.460294 0.054795 0.067647
0 0.441096 0.475000 0.065753 0.085294
0 0.394521 0.473529 0.071233 0.058824
0 0.176712 0.551471 0.084932 0.044118
0 0.068493 0.617647 0.054795 0.082353
0 0.182192 0.816176 0.057534 0.091176
0 0.120548 0.910294 0.065753 0.067647
0 0.463014 0.954412 0.082192 0.061765
0 0.486301 0.911765 0.052055 0.070588
