0 0.075714 0.072222 0.071429 0.050000
0 0.342857 0.176389 0.074286 0.047222
0 0.574286 0.065278 0.091429 0.058333
0 0.737143 0.131944 0.057143 0.091667
0 0.820000 0.190278 0.062857 0.097222
0 0.747143 0.272222 0.054286 0.077778
0 0.930000 0.280556 0.054286 0.083333
0 0.308571 0.305556 0.108571 0.088889
0 0.194286 0.284722 0.074286 0.063889
0 0.277143 0.531944 0.074286 0.058333
0 0.177143 0.680556 0.068571 0.055556
0 0.341429 0.720833 0.111429 0.080556
0 0.634286 0.529167 0.068571 0.069444
0 0.740000 0.409722 0.091429 0.058333
0 0.767143 0.454167 0.100000 0.041667
0 0.722857 0.511111 0.074286 0.055556
0 0.885714 0.581944 0.057143 0.063889
0 0.798571 0.613889 0.054286 0.083333
0 0.701429 0.726389 0.065714 0.080556
0 0.548571 0.745833 0.068571 0.058333
0 0.191429 0.922222 0.068571 0.077778
0 0.752857 0.855556 0.048571 0.066667
0 0.888571 0.954167 0.091429 0.075000
0 0.724286 0.970833 0.088571 0.058333
0 0.894286 0.090278 0.057143 0.047222
