0 0.443077 0.046099 0.080000 0.056738
0 0.626154 0.069149 0.076923 0.081560
0 0.813846 0.086879 0.052308 0.102837
0 0.907692 0.060284 0.067692 0.106383
0 0.903077 0.182624 0.046154 0.088652
0 0.964615 0.271277 0.058462 0.088652
0 0.807692 0.358156 0.052308 0.070922
0 0.652308 0.317376 0.055385 0.067376
0 0.710769 0.335106 0.055385 0.053191
0 0.387692 0.173759 0.061538 0.056738
0 0.372308 0.250000 0.036923 0.074468
0 0.156923 0.239362 0.067692 0.095745
0 0.264615 0.145390 0.080000 0.092199
0 0.510769 0.168440 0.086154 0.060284
0 0.503077 0.432624 0.046154 0.085106
0 0.943077 0.489362 0.064615 0.099291
0 0.673846 0.585106 0.043077 0.092199
0 0.783077 0.648936 0.052308 0.085106
0 0.920000 0.767730 0.067692 0.124113
0 0.753846 0.767730 0.073846 0.067376
0 0.744615 0.867021 0.061538 0.053191
0 0.320000 0.537234 0.055385 0.088652
0 0.404615 0.482270 0.033846 0.078014
0 0.433846 0.515957 0.080000 0.039007
0 0.053846 0.432624 0.058462 0.078014
0 0.138462 0.494681 0.067692 0.060284
0 0.240000 0.611702 0.061538 0.067376
0 0.196923 0.682624 0.080000 0.060284
0 0.333846 0.737589 0.070769 0.070922
0 0.436923 0.824468 0.043077 0.095745
0 0.569231 0.870567 0.061538 0.060284
0 0.527692 0.902482 0.052308 0.060284
0 0.123077 0.769504 0.055385 0.085106
0 0.173846 0.742908 0.052308 0.060284
0 0.672308 0.865248 0.052308 0.092199
0 0.889231 0.874113 0.086154 0.060284
