0 0.080906 0.124046 0.084142 0.041985
0 0.088997 0.156489 0.074434 0.038168
0 0.456311 0.206107 0.071197 0.091603
0 0.635922 0.198473 0.055016 0.099237
0 0.878641 0.267176 0.106796 0.091603
0 0.826861 0.391221 0.061489 0.087786
0 0.720065 0.438931 0.067961 0.083969
0 0.715210 0.305344 0.103560 0.061069
0 0.579288 0.297710 0.084142 0.083969
0 0.495146 0.417939 0.064725 0.087786
0 0.478964 0.614504 0.077670 0.083969
0 0.629450 0.683206 0.074434 0.106870
0 0.907767 0.593511 0.087379 0.072519
0 0.920712 0.685115 0.074434 0.064885
0 0.791262 0.725191 0.074434 0.061069
0 0.865696 0.725191 0.055016 0.076336
0 0.891586 0.877863 0.055016 0.068702
0 0.917476 0.929389 0.074434 0.041985
0 0.655340 0.910305 0.074434 0.049618
0 0.385113 0.895038 0.116505 0.072519
0 0.173139 0.875954 0.067961 0.103053
0 0.137540 0.729008 0.100324 0.083969
0 0.239482 0.591603 0.064725 0.099237
0 0.351133 0.381679 0.061489 0.083969
0 0.186084 0.246183 0.093851 0.103053
0 0.095469 0.843511 0.074434 0.045802
0 0.949838 0.482824 0.080906 0.064885
