0 0.292285 0.266938 0.050445 0.062331
0 0.399110 0.369919 0.074184 0.078591
0 0.418398 0.178862 0.077151 0.070461
0 0.602374 0.140921 0.059347 0.070461
0 0.627596 0.092141 0.097923 0.043360
0 0.709199 0.336043 0.089021 0.065041
0 0.764095 0.386179 0.068249 0.067751
0 0.857567 0.562331 0.071217 0.062331
0 0.970326 0.536585 0.059347 0.048780
0 0.867953 0.710027 0.068249 0.059621
0 0.922849 0.825203 0.077151 0.046070
0 0.642433 0.932249 0.074184 0.043360
0 0.600890 0.735772 0.050445 0.062331
0 0.422849 0.638211 0.097923 0.062331
0 0.492582 0.761518 0.071217 0.065041
0 0.345697 0.840108 0.074184 0.048780
0 0.492582 0.924119 0.077151 0.059621
0 0.719585 0.971545 0.074184 0.056911
0 0.775964 0.970190 0.086053 0.054201
0 0.212166 0.799458 0.080119 0.075881
0 0.164688 0.676152 0.091988 0.084011
0 0.075668 0.718157 0.074184 0.065041
0 0.292285 0.943089 0.056380 0.075881
0 0.137982 0.975610 0.068249 0.037940
0 0.258160 0.073171 0.065282 0.048780
0 0.311573 0.094851 0.059347 0.048780
0 0.129080 0.257453 0.068249 0.070461
0 0.094955 0.313008 0.071217 0.056911
0 0.034125 0.485095 0.062315 0.043360
0 0.041543 0.517615 0.059347 0.048780
0 0.087537 0.529810 0.044510 0.051491
