0 0.100291 0.098168 0.066860 0.044503
0 0.206395 0.117801 0.063953 0.047120
0 0.293605 0.206806 0.069767 0.068063
0 0.202035 0.339005 0.066860 0.049738
0 0.078488 0.210733 0.063953 0.054974
0 0.088663 0.337696 0.055233 0.062827
0 0.382267 0.452880 0.061047 0.083770
0 0.353198 0.578534 0.084302 0.057592
0 0.680233 0.701571 0.069767 0.057592
0 0.896802 0.759162 0.043605 0.057592
0 0.792151 0.761780 0.072674 0.036649
0 0.523256 0.685864 0.069767 0.041885
0 0.845930 0.539267 0.104651 0.078534
0 0.908430 0.428010 0.072674 0.070681
0 0.906977 0.348168 0.029070 0.073298
0 0.934593 0.371728 0.055233 0.057592
0 0.690407 0.316754 0.055233 0.068063
0 0.728198 0.267016 0.061047 0.057592
0 0.723837 0.208115 0.075581 0.049738
0 0.937500 0.251309 0.078488 0.062827
0 0.904070 0.197644 0.063953 0.060209
0 0.617733 0.416230 0.090116 0.078534
0 0.603198 0.113874 0.101744 0.065445
0 0.779070 0.090314 0.081395 0.044503
0 0.861919 0.098168 0.072674 0.081152
0 0.922965 0.149215 0.066860 0.057592
0 0.940407 0.095550 0.061047 0.060209
0 0.340116 0.704188 0.069767 0.031414
0 0.277616 0.748691 0.090116 0.047120
0 0.053779 0.824607 0.072674 0.062827
0 0.363372 0.926702 0.058140 0.057592
0 0.465116 0.867801 0.069767 0.039267
0 0.444767 0.905759 0.046512 0.057592
0 0.834302 0.840314 0.046512 0.057592
0 0.895349 0.947644 0.046512 0.062827
0 0.707849 0.897906 0.055233 0.041885
0 0.672965 0.918848 0.055233 0.052356
0 0.263081 0.918848 0.072674 0.099476
0 0.299419 0.972513 0.063953 0.039267
0 0.315407 0.943717 0.061047 0.054974
0 0.793605 0.979058 0.063953 0.041885
0 0.604651 0.824607 0.075581 0.073298
