0 0.084906 0.051282 0.081761 0.051282
0 0.146226 0.150641 0.066038 0.038462
0 0.163522 0.189103 0.050314 0.057692
0 0.487421 0.136218 0.081761 0.048077
0 0.559748 0.206731 0.062893 0.067308
0 0.617925 0.174679 0.047170 0.067308
0 0.693396 0.144231 0.059748 0.083333
0 0.696541 0.040064 0.078616 0.073718
0 0.761006 0.048077 0.075472 0.051282
0 0.808176 0.259615 0.081761 0.057692
0 0.935535 0.197115 0.047170 0.080128
0 0.949686 0.391026 0.069182 0.064103
0 0.713836 0.400641 0.062893 0.064103
0 0.639937 0.491987 0.084906 0.054487
0 0.762579 0.506410 0.066038 0.064103
0 0.908805 0.631410 0.044025 0.057692
0 0.894654 0.677885 0.072327 0.054487
0 0.487421 0.592949 0.088050 0.044872
0 0.638365 0.721154 0.062893 0.051282
0 0.641509 0.754808 0.056604 0.048077
0 0.624214 0.806090 0.066038 0.041667
0 0.573899 0.783654 0.047170 0.067308
0 0.723270 0.858974 0.050314 0.051282
0 0.767296 0.881410 0.062893 0.051282
0 0.650943 0.841346 0.069182 0.099359
0 0.529874 0.844551 0.047170 0.060897
0 0.459119 0.717949 0.050314 0.070513
0 0.429245 0.669872 0.034591 0.057692
0 0.424528 0.487179 0.075472 0.070513
0 0.713836 0.302885 0.075472 0.054487
0 0.312893 0.368590 0.072327 0.057692
0 0.240566 0.362179 0.059748 0.044872
0 0.171384 0.419872 0.066038 0.057692
0 0.218553 0.496795 0.066038 0.064103
0 0.305031 0.536859 0.050314 0.067308
0 0.058176 0.496795 0.072327 0.051282
0 0.248428 0.732372 0.062893 0.054487
0 0.316038 0.689103 0.072327 0.070513
0 0.056604 0.788462 0.069182 0.057692
0 0.188679 0.711538 0.050314 0.057692
0 0.188679 0.833333 0.075472 0.044872
0 0.405660 0.753205 0.050314 0.057692
0 0.240566 0.839744 0.066038 0.044872
0 0.257862 0.879808 0.081761 0.028846
0 0.446541 0.834936 0.050314 0.041667
0 0.374214 0.663462 0.069182 0.038462
