0 0.059375 0.126316 0.068750 0.084211
0 0.276562 0.142105 0.065625 0.066667
0 0.335938 0.078947 0.084375 0.052632
0 0.435937 0.024561 0.065625 0.035088
0 0.475000 0.064912 0.043750 0.073684
0 0.376563 0.170175 0.046875 0.080702
0 0.328125 0.266667 0.056250 0.049123
0 0.243750 0.221053 0.068750 0.042105
0 0.196875 0.185965 0.062500 0.049123
0 0.264062 0.180702 0.071875 0.038596
0 0.523438 0.256140 0.065625 0.063158
0 0.754687 0.280702 0.078125 0.091228
0 0.906250 0.228070 0.068750 0.063158
0 0.856250 0.336842 0.062500 0.042105
0 0.868750 0.080702 0.043750 0.084211
0 0.962500 0.050877 0.062500 0.080702
0 0.967187 0.601754 0.065625 0.073684
0 0.812500 0.514035 0.062500 0.080702
0 0.739062 0.440351 0.046875 0.080702
0 0.632812 0.563158 0.059375 0.066667
0 0.401562 0.559649 0.053125 0.066667
0 0.373437 0.582456 0.053125 0.077193
0 0.232813 0.494737 0.059375 0.084211
0 0.056250 0.247368 0.068750 0.087719
0 0.193750 0.564912 0.100000 0.084211
0 0.115625 0.717544 0.062500 0.066667
0 0.240625 0.835088 0.050000 0.098246
0 0.467187 0.691228 0.071875 0.077193
0 0.429688 0.736842 0.065625 0.077193
0 0.639062 0.747368 0.059375 0.063158
0 0.814063 0.738596 0.078125 0.066667
0 0.757812 0.812281 0.059375 0.066667
0 0.842187 0.828070 0.065625 0.042105
0 0.834375 0.950877 0.081250 0.035088
0 0.684375 0.919298 0.075000 0.063158
0 0.643750 0.956140 0.068750 0.052632
0 0.634375 0.908772 0.068750 0.049123
0 0.667188 0.850877 0.053125 0.052632
0 0.598437 0.701754 0.071875 0.063158
0 0.143750 0.850877 0.062500 0.073684
0 0.200000 0.915789 0.087500 0.042105
