0 0.289474 0.150725 0.065015 0.034783
0 0.315789 0.124638 0.055728 0.046377
0 0.366873 0.147826 0.052632 0.057971
0 0.343653 0.211594 0.061920 0.034783
0 0.428793 0.114493 0.040248 0.066667
0 0.670279 0.315942 0.040248 0.069565
0 0.707430 0.368116 0.065015 0.046377
0 0.724458 0.450725 0.049536 0.072464
0 0.812693 0.376812 0.071207 0.040580
0 0.849845 0.350725 0.058824 0.069565
0 0.879257 0.315942 0.061920 0.057971
0 0.933437 0.347826 0.065015 0.063768
0 0.948916 0.388406 0.027864 0.063768
0 0.585139 0.463768 0.049536 0.057971
0 0.368421 0.402899 0.055728 0.063768
0 0.272446 0.275362 0.049536 0.098551
0 0.325077 0.313043 0.043344 0.063768
0 0.518576 0.300000 0.052632 0.060870
0 0.600619 0.278261 0.068111 0.046377
0 0.565015 0.207246 0.040248 0.072464
0 0.659443 0.198551 0.037152 0.072464
0 0.690402 0.136232 0.049536 0.092754
0 0.756966 0.085507 0.046440 0.043478
0 0.930341 0.086957 0.046440 0.063768
0 0.860681 0.175362 0.037152 0.049275
0 0.473684 0.571014 0.061920 0.063768
0 0.383901 0.486957 0.068111 0.104348
0 0.287926 0.465217 0.061920 0.060870
0 0.292570 0.527536 0.077399 0.052174
0 0.230650 0.526087 0.058824 0.072464
0 0.156347 0.527536 0.052632 0.028986
0 0.126935 0.556522 0.037152 0.063768
0 0.082043 0.542029 0.040248 0.057971
0 0.275542 0.655072 0.055728 0.034783
0 0.566563 0.634783 0.080495 0.075362
0 0.688854 0.565217 0.065015 0.098551
0 0.625387 0.566667 0.068111 0.101449
0 0.914861 0.559420 0.046440 0.063768
0 0.907121 0.665217 0.061920 0.037681
0 0.959752 0.639130 0.080495 0.066667
0 0.699690 0.666667 0.061920 0.075362
0 0.640867 0.700000 0.037152 0.066667
0 0.667183 0.753623 0.052632 0.052174
0 0.614551 0.773913 0.052632 0.075362
0 0.568111 0.688406 0.071207 0.049275
0 0.481424 0.702899 0.071207 0.066667
0 0.343653 0.698551 0.086687 0.052174
0 0.267802 0.876812 0.071207 0.049275
0 0.201238 0.878261 0.061920 0.063768
0 0.150155 0.904348 0.077399 0.046377
0 0.517028 0.953623 0.068111 0.063768
0 0.738390 0.923188 0.077399 0.101449
0 0.758514 0.815942 0.049536 0.066667
0 0.784830 0.757971 0.071207 0.055072
0 0.801858 0.794203 0.049536 0.052174
0 0.930341 0.872464 0.095975 0.081159
0 0.865325 0.966667 0.040248 0.066667
0 0.821981 0.953623 0.052632 0.063768
0 0.433437 0.798551 0.080495 0.049275
0 0.371517 0.913043 0.061920 0.052174
0 0.439628 0.956522 0.055728 0.081159
0 0.221362 0.650725 0.052632 0.049275
0 0.821981 0.423188 0.083591 0.057971
0 0.668731 0.620290 0.080495 0.034783
0 0.781734 0.285507 0.071207 0.060870
0 0.732198 0.178261 0.065015 0.043478
0 0.698142 0.247826 0.095975 0.049275
0 0.592879 0.120290 0.034056 0.066667
0 0.486068 0.152174 0.074303 0.101449
0 0.503096 0.226087 0.065015 0.034783
0 0.450464 0.239130 0.040248 0.055072
0 0.411765 0.243478 0.037152 0.057971
0 0.182663 0.075362 0.080495 0.057971
0 0.134675 0.237681 0.077399 0.040580
0 0.184211 0.347826 0.083591 0.046377
