0 0.297055 0.395527 0.056338 0.062390
0 0.405250 0.362272 0.081946 0.039435
0 0.763444 0.248087 0.048015 0.071218
0 0.814341 0.235138 0.037132 0.071218
0 0.939181 0.211301 0.074264 0.056504
0 0.893086 0.354915 0.053777 0.058858
0 0.782330 0.603002 0.065301 0.050029
0 0.924136 0.712478 0.039052 0.074750
0 0.876440 0.960859 0.071703 0.041789
0 0.775608 0.960859 0.049296 0.075927
0 0.560499 0.778988 0.059539 0.052384
0 0.695583 0.689229 0.040333 0.075338
0 0.530410 0.600942 0.094110 0.043555
0 0.572663 0.896704 0.109475 0.040612
0 0.879962 0.854326 0.042894 0.038258
0 0.485915 0.457034 0.081946 0.062978
0 0.454866 0.733667 0.080026 0.095939
