0 0.153495 0.088957 0.045593 0.073620
0 0.071429 0.085890 0.057751 0.073620
0 0.082067 0.240798 0.066869 0.101227
0 0.132219 0.291411 0.051672 0.061350
0 0.267477 0.157975 0.054711 0.088957
0 0.320669 0.145706 0.051672 0.088957
0 0.217325 0.102761 0.057751 0.088957
0 0.471125 0.056748 0.054711 0.058282
0 0.556231 0.099693 0.066869 0.058282
0 0.531915 0.168712 0.048632 0.073620
0 0.580547 0.159509 0.054711 0.079755
0 0.960486 0.150307 0.079027 0.036810
0 0.939210 0.187117 0.042553 0.067485
0 0.621581 0.279141 0.045593 0.085890
0 0.433131 0.452454 0.082067 0.076687
0 0.501520 0.426380 0.060790 0.122699
0 0.632219 0.371166 0.054711 0.104294
0 0.721884 0.432515 0.088146 0.079755
0 0.831307 0.407975 0.045593 0.085890
0 0.741641 0.766871 0.127660 0.079755
0 0.437690 0.567485 0.054711 0.122699
0 0.290274 0.662577 0.063830 0.067485
0 0.141337 0.558282 0.088146 0.092025
0 0.159574 0.638037 0.063830 0.092025
0 0.159574 0.696319 0.045593 0.061350
0 0.071429 0.707055 0.057751 0.064417
0 0.123100 0.702454 0.051672 0.073620
0 0.434650 0.753067 0.054711 0.076687
0 0.275076 0.771472 0.057751 0.076687
0 0.212766 0.777607 0.066869 0.101227
0 0.243161 0.903374 0.085106 0.046012
0 0.791793 0.883436 0.057751 0.049080
