0 0.439145 0.204319 0.055921 0.069767
0 0.407895 0.272425 0.125000 0.073090
0 0.508224 0.064784 0.069079 0.083056
0 0.738487 0.043189 0.075658 0.079734
0 0.601974 0.114618 0.078947 0.096346
0 0.654605 0.161130 0.059211 0.076412
0 0.687500 0.357143 0.052632 0.076412
0 0.738487 0.345515 0.042763 0.086379
0 0.750000 0.428571 0.059211 0.066445
0 0.840461 0.357143 0.101974 0.069767
0 0.802632 0.523256 0.065789 0.083056
0 0.870066 0.071429 0.042763 0.063123
0 0.817434 0.066445 0.036184 0.079734
0 0.421053 0.071429 0.059211 0.109635
0 0.358553 0.098007 0.052632 0.089701
0 0.312500 0.101329 0.059211 0.096346
0 0.259868 0.136213 0.065789 0.086379
0 0.190789 0.196013 0.072368 0.066445
0 0.169408 0.109635 0.088816 0.086379
0 0.044408 0.192691 0.075658 0.073090
0 0.144737 0.436877 0.085526 0.096346
0 0.291118 0.446844 0.062500 0.076412
0 0.330592 0.387043 0.062500 0.069767
0 0.335526 0.627907 0.085526 0.079734
0 0.368421 0.679402 0.072368 0.049834
0 0.445724 0.689369 0.049342 0.076412
0 0.555921 0.717608 0.072368 0.093023
0 0.697368 0.709302 0.072368 0.076412
0 0.731908 0.662791 0.069079 0.063123
0 0.212171 0.730897 0.095395 0.079734
0 0.348684 0.787375 0.052632 0.066445
0 0.447368 0.764120 0.065789 0.066445
0 0.516447 0.817276 0.052632 0.066445
0 0.593750 0.827243 0.055921 0.059801
0 0.514803 0.895349 0.095395 0.069767
0 0.679276 0.862126 0.049342 0.076412
0 0.733553 0.916944 0.072368 0.046512
0 0.883224 0.780731 0.055921 0.086379
0 0.912829 0.873754 0.055921 0.073090
0 0.804276 0.908638 0.055921 0.056478
0 0.264803 0.857143 0.082237 0.066445
0 0.296053 0.810631 0.052632 0.079734
0 0.129934 0.847176 0.062500 0.053156
0 0.356908 0.885382 0.055921 0.063123
0 0.789474 0.114618 0.092105 0.069767
