0 0.142373 0.094684 0.074576 0.076412
0 0.201695 0.101329 0.071186 0.063123
0 0.091525 0.224252 0.061017 0.063123
0 0.471186 0.224252 0.088136 0.083056
0 0.457627 0.287375 0.033898 0.076412
0 0.410169 0.317276 0.067797 0.049834
0 0.644068 0.137874 0.081356 0.056478
0 0.320339 0.340532 0.084746 0.076412
0 0.908475 0.290698 0.067797 0.049834
0 0.933898 0.333887 0.084746 0.049834
0 0.688136 0.305648 0.067797 0.073090
0 0.589831 0.465116 0.067797 0.066445
0 0.838983 0.493355 0.071186 0.096346
0 0.918644 0.503322 0.074576 0.109635
0 0.928814 0.594684 0.061017 0.073090
0 0.876271 0.689369 0.091525 0.063123
0 0.950847 0.689369 0.057627 0.083056
0 0.898305 0.787375 0.067797 0.066445
0 0.913559 0.843854 0.064407 0.046512
0 0.888136 0.885382 0.040678 0.056478
0 0.698305 0.857143 0.061017 0.059801
0 0.662712 0.892027 0.071186 0.056478
0 0.623729 0.916944 0.061017 0.053156
0 0.420339 0.903654 0.054237 0.053156
0 0.537288 0.659468 0.077966 0.063123
0 0.515254 0.593023 0.115254 0.089701
0 0.108475 0.352159 0.081356 0.086379
0 0.272881 0.408638 0.091525 0.093023
0 0.449153 0.451827 0.064407 0.093023
0 0.689831 0.094684 0.098305 0.076412
0 0.520339 0.036545 0.091525 0.066445
0 0.064407 0.453488 0.067797 0.069767
0 0.055932 0.554817 0.064407 0.053156
0 0.200000 0.767442 0.081356 0.059801
0 0.300000 0.662791 0.064407 0.076412
0 0.435593 0.692691 0.091525 0.069767
0 0.588136 0.729236 0.077966 0.063123
0 0.788136 0.873754 0.071186 0.079734
0 0.711864 0.946844 0.081356 0.046512
0 0.333898 0.833887 0.064407 0.073090
0 0.286441 0.850498 0.064407 0.073090
0 0.076271 0.794020 0.044068 0.079734
0 0.115254 0.825581 0.067797 0.063123
0 0.238983 0.936877 0.050847 0.066445
0 0.315254 0.943522 0.074576 0.039867
0 0.394915 0.767442 0.064407 0.053156
0 0.754237 0.460133 0.064407 0.036545
0 0.842373 0.956811 0.091525 0.059801
0 0.071186 0.935216 0.040678 0.069767
0 0.022034 0.926910 0.037288 0.059801
