0 0.369253 0.185131 0.071839 0.067055
0 0.410920 0.097668 0.034483 0.067055
0 0.446839 0.113703 0.054598 0.069971
0 0.498563 0.174927 0.071839 0.064140
0 0.550287 0.026239 0.077586 0.046647
0 0.606322 0.135569 0.057471 0.061224
0 0.775862 0.040816 0.034483 0.064140
0 0.853448 0.040816 0.040230 0.064140
0 0.810345 0.110787 0.080460 0.058309
0 0.762931 0.202624 0.054598 0.072886
0 0.696839 0.221574 0.054598 0.069971
0 0.780172 0.348397 0.048851 0.084548
0 0.820402 0.314869 0.048851 0.075802
0 0.672414 0.434402 0.063218 0.064140
0 0.744253 0.523324 0.074713 0.067055
0 0.639368 0.498542 0.077586 0.052478
0 0.566092 0.540816 0.068966 0.072886
0 0.525862 0.618076 0.057471 0.064140
0 0.620690 0.658892 0.063218 0.064140
0 0.679598 0.632653 0.066092 0.081633
0 0.781609 0.663265 0.086207 0.078717
0 0.647989 0.814869 0.060345 0.061224
0 0.670977 0.868805 0.037356 0.064140
0 0.719828 0.848397 0.060345 0.075802
0 0.709770 0.930029 0.057471 0.093294
0 0.469828 0.775510 0.060345 0.052478
0 0.321839 0.790087 0.057471 0.069971
0 0.376437 0.813411 0.063218 0.064140
0 0.448276 0.852770 0.045977 0.067055
0 0.573276 0.886297 0.071839 0.093294
0 0.507184 0.932945 0.054598 0.058309
0 0.172414 0.647230 0.074713 0.075802
0 0.229885 0.626822 0.063218 0.093294
0 0.270115 0.645773 0.045977 0.072886
0 0.336207 0.558309 0.074713 0.072886
0 0.343391 0.403790 0.083333 0.072886
0 0.396552 0.333819 0.068966 0.049563
0 0.455460 0.351312 0.048851 0.078717
0 0.560345 0.274052 0.080460 0.040816
0 0.438218 0.225948 0.054598 0.055394
0 0.472701 0.250729 0.060345 0.034985
0 0.238506 0.120991 0.051724 0.072886
0 0.150862 0.074344 0.066092 0.055394
0 0.037356 0.172012 0.063218 0.064140
0 0.050287 0.311953 0.054598 0.087464
0 0.137931 0.364431 0.045977 0.075802
0 0.030172 0.494169 0.054598 0.090379
0 0.064655 0.667638 0.048851 0.087464
0 0.083333 0.720117 0.045977 0.075802
0 0.058908 0.905248 0.077586 0.055394
0 0.198276 0.959184 0.086207 0.081633
0 0.890805 0.957726 0.074713 0.061224
