0 0.341689 0.236659 0.081794 0.037123
0 0.412929 0.265661 0.055409 0.062645
0 0.402375 0.081206 0.050132 0.064965
0 0.467018 0.077726 0.058047 0.053364
0 0.517150 0.107889 0.063325 0.053364
0 0.786280 0.029002 0.094987 0.044084
0 0.744063 0.122970 0.052770 0.064965
0 0.882586 0.093968 0.065963 0.048724
0 0.923483 0.170534 0.052770 0.076566
0 0.738786 0.271462 0.058047 0.074246
0 0.740106 0.352668 0.060686 0.074246
0 0.810026 0.313225 0.073879 0.041763
0 0.864116 0.215777 0.060686 0.046404
0 0.811346 0.209977 0.050132 0.044084
0 0.870712 0.242459 0.089710 0.030162
0 0.232190 0.059165 0.084433 0.039443
0 0.068602 0.042923 0.047493 0.048724
0 0.197889 0.125290 0.036939 0.064965
0 0.230871 0.133411 0.050132 0.053364
0 0.122691 0.230858 0.044855 0.058005
0 0.035620 0.307425 0.039578 0.039443
0 0.072559 0.301624 0.044855 0.051044
0 0.209763 0.307425 0.060686 0.058005
0 0.277045 0.291183 0.073879 0.030162
0 0.290237 0.337587 0.068602 0.053364
0 0.478892 0.328306 0.060686 0.048724
0 0.437995 0.363109 0.058047 0.058005
0 0.507916 0.389791 0.039578 0.069606
0 0.625330 0.371230 0.036939 0.074246
0 0.635884 0.276102 0.052770 0.060325
0 0.589710 0.265661 0.060686 0.034803
0 0.521108 0.261021 0.076517 0.034803
0 0.428760 0.439675 0.055409 0.062645
0 0.476253 0.501160 0.076517 0.046404
0 0.572559 0.462877 0.063325 0.062645
0 0.812665 0.403712 0.068602 0.046404
0 0.658311 0.482599 0.076517 0.046404
0 0.676781 0.549884 0.044855 0.069606
0 0.761214 0.636891 0.060686 0.034803
0 0.939314 0.682135 0.068602 0.046404
0 0.935356 0.749420 0.044855 0.074246
0 0.973615 0.738979 0.031662 0.071926
0 0.874670 0.725058 0.050132 0.044084
0 0.856201 0.759861 0.044855 0.062645
0 0.810026 0.727378 0.068602 0.058005
0 0.769129 0.814385 0.102902 0.097448
0 0.655673 0.839907 0.039578 0.078886
0 0.430079 0.834107 0.084433 0.058005
0 0.398417 0.766821 0.068602 0.048724
0 0.484169 0.591647 0.076517 0.055684
0 0.407652 0.614849 0.097625 0.083527
0 0.357520 0.687935 0.060686 0.058005
0 0.172823 0.716937 0.081794 0.060325
0 0.258575 0.646172 0.089710 0.067285
0 0.244063 0.584687 0.124011 0.051044
0 0.186016 0.541763 0.087071 0.071926
0 0.047493 0.419954 0.052770 0.064965
0 0.130607 0.452436 0.055409 0.069606
0 0.040897 0.585847 0.034301 0.058005
0 0.106860 0.645012 0.050132 0.064965
0 0.187335 0.813225 0.063325 0.062645
0 0.261214 0.850348 0.047493 0.062645
0 0.213720 0.863109 0.042216 0.069606
0 0.135884 0.928074 0.065963 0.069606
0 0.081794 0.947796 0.073879 0.048724
