0 0.075988 0.094017 0.066869 0.034188
0 0.115502 0.141026 0.048632 0.059829
0 0.171733 0.149573 0.057751 0.065527
0 0.229483 0.092593 0.051672 0.065527
0 0.241641 0.131054 0.069909 0.051282
0 0.232523 0.199430 0.075988 0.039886
0 0.472644 0.084046 0.045593 0.076923
0 0.645897 0.205128 0.057751 0.074074
0 0.750760 0.096866 0.079027 0.039886
0 0.785714 0.051282 0.088146 0.045584
0 0.951368 0.276353 0.066869 0.062678
0 0.240122 0.492877 0.048632 0.079772
0 0.098784 0.366097 0.069909 0.042735
0 0.106383 0.334758 0.060790 0.059829
0 0.066869 0.331909 0.048632 0.042735
0 0.446809 0.341880 0.048632 0.074074
0 0.506079 0.344729 0.063830 0.056980
0 0.554711 0.481481 0.057751 0.074074
0 0.626140 0.538462 0.054711 0.056980
0 0.881459 0.467236 0.048632 0.085470
0 0.965046 0.507123 0.057751 0.085470
0 0.651976 0.729345 0.082067 0.039886
0 0.957447 0.695157 0.060790 0.056980
0 0.949848 0.736467 0.069909 0.042735
0 0.734043 0.478632 0.057751 0.056980
0 0.220365 0.606838 0.069909 0.028490
0 0.117021 0.672365 0.039514 0.068376
0 0.193009 0.923077 0.082067 0.068376
0 0.066869 0.864672 0.060790 0.042735
0 0.487842 0.763533 0.063830 0.068376
0 0.334347 0.529915 0.079027 0.045584
0 0.825228 0.562678 0.082067 0.037037
0 0.443769 0.933048 0.097264 0.042735
0 0.094225 0.972934 0.079027 0.037037
0 0.458967 0.594017 0.060790 0.054131
0 0.980243 0.397436 0.039514 0.054131
