0 0.188366 0.062834 0.055402 0.061497
0 0.254848 0.052139 0.066482 0.072193
0 0.422438 0.032086 0.074792 0.053476
0 0.673130 0.040107 0.055402 0.074866
0 0.541551 0.243316 0.080332 0.048128
0 0.652355 0.304813 0.041551 0.064171
0 0.634349 0.372995 0.055402 0.061497
0 0.822715 0.370321 0.060942 0.045455
0 0.911357 0.421123 0.072022 0.072193
0 0.788089 0.026738 0.069252 0.048128
0 0.174515 0.020053 0.072022 0.034759
0 0.074792 0.167112 0.066482 0.034759
0 0.121884 0.136364 0.077562 0.037433
0 0.210526 0.264706 0.077562 0.037433
0 0.051247 0.278075 0.058172 0.064171
0 0.054017 0.381016 0.085873 0.061497
0 0.191136 0.514706 0.060942 0.050802
0 0.221607 0.624332 0.049861 0.066845
0 0.403047 0.560160 0.052632 0.072193
0 0.801939 0.609626 0.063712 0.069519
0 0.926593 0.570856 0.063712 0.088235
0 0.699446 0.520053 0.085873 0.040107
0 0.614958 0.745989 0.072022 0.058824
0 0.749307 0.803476 0.085873 0.077540
0 0.894737 0.750000 0.055402 0.077540
0 0.779778 0.889037 0.080332 0.056150
0 0.542936 0.939840 0.077562 0.056150
0 0.623269 0.965241 0.083102 0.053476
0 0.664820 0.879679 0.077562 0.069519
0 0.077562 0.699198 0.055402 0.072193
0 0.027701 0.655080 0.049861 0.048128
0 0.029086 0.463904 0.052632 0.077540
0 0.114958 0.848930 0.074792 0.056150
0 0.502770 0.680481 0.047091 0.077540
0 0.572022 0.493316 0.108033 0.040107
