0 0.187500 0.108861 0.081522 0.065823
0 0.316576 0.148101 0.073370 0.037975
0 0.298913 0.179747 0.070652 0.070886
0 0.387228 0.131646 0.067935 0.040506
0 0.364130 0.169620 0.048913 0.055696
0 0.292120 0.229114 0.062500 0.048101
0 0.266304 0.294937 0.032609 0.078481
0 0.327446 0.335443 0.051630 0.068354
0 0.510870 0.318987 0.065217 0.065823
0 0.558424 0.225316 0.051630 0.070886
0 0.455163 0.197468 0.062500 0.040506
0 0.501359 0.194937 0.046196 0.050633
0 0.384511 0.237975 0.057065 0.060759
0 0.510870 0.117722 0.048913 0.063291
0 0.596467 0.144304 0.035326 0.070886
0 0.634511 0.110127 0.067935 0.068354
0 0.741848 0.108861 0.065217 0.045570
0 0.740489 0.136709 0.067935 0.035443
0 0.688859 0.164557 0.051630 0.091139
0 0.732337 0.198734 0.089674 0.053165
0 0.646739 0.212658 0.048913 0.070886
0 0.595109 0.297468 0.070652 0.037975
0 0.634511 0.282278 0.051630 0.063291
0 0.690217 0.263291 0.103261 0.050633
0 0.652174 0.213924 0.048913 0.073418
0 0.826087 0.091139 0.065217 0.060759
0 0.903533 0.108861 0.062500 0.070886
0 0.846467 0.202532 0.062500 0.060759
0 0.664402 0.327848 0.057065 0.068354
0 0.782609 0.236709 0.048913 0.068354
0 0.811141 0.274684 0.046196 0.058228
0 0.771739 0.298734 0.070652 0.060759
0 0.694293 0.382278 0.078804 0.055696
0 0.866848 0.334177 0.065217 0.050633
0 0.922554 0.362025 0.062500 0.050633
0 0.802989 0.384810 0.073370 0.055696
0 0.811141 0.436709 0.067935 0.068354
0 0.717391 0.467089 0.070652 0.073418
0 0.622283 0.441772 0.076087 0.088608
0 0.566576 0.474684 0.067935 0.088608
0 0.361413 0.421519 0.076087 0.073418
0 0.283967 0.479747 0.095109 0.058228
0 0.383152 0.496203 0.086957 0.101266
0 0.283967 0.541772 0.067935 0.065823
0 0.209239 0.539241 0.070652 0.070886
0 0.146739 0.537975 0.076087 0.048101
0 0.152174 0.496203 0.070652 0.070886
0 0.111413 0.562025 0.048913 0.070886
0 0.130435 0.260759 0.070652 0.045570
0 0.205163 0.192405 0.095109 0.075949
0 0.139946 0.322785 0.078804 0.053165
0 0.126359 0.398734 0.046196 0.063291
0 0.173913 0.365823 0.092391 0.058228
0 0.468750 0.581013 0.073370 0.068354
0 0.676630 0.569620 0.070652 0.106329
0 0.616848 0.574684 0.076087 0.106329
0 0.904891 0.558228 0.070652 0.048101
0 0.948370 0.646835 0.103261 0.068354
0 0.891304 0.664557 0.081522 0.053165
0 0.686141 0.670886 0.084239 0.070886
0 0.562500 0.639241 0.076087 0.068354
0 0.626359 0.697468 0.051630 0.058228
0 0.664402 0.758228 0.067935 0.058228
0 0.464674 0.708861 0.092391 0.075949
0 0.605978 0.778481 0.059783 0.078481
0 0.256793 0.670886 0.051630 0.070886
0 0.202446 0.672152 0.067935 0.058228
0 0.330163 0.708861 0.073370 0.060759
0 0.252717 0.887342 0.070652 0.068354
0 0.419837 0.808861 0.078804 0.073418
0 0.346467 0.922785 0.067935 0.073418
0 0.502717 0.953165 0.092391 0.068354
0 0.775815 0.777215 0.067935 0.101266
0 0.839674 0.803797 0.086957 0.068354
0 0.959239 0.767089 0.081522 0.075949
0 0.922554 0.875949 0.089674 0.096203
0 0.841033 0.902532 0.062500 0.073418
0 0.728261 0.929114 0.092391 0.096203
0 0.862772 0.969620 0.057065 0.060759
0 0.798913 0.963291 0.054348 0.073418
0 0.419837 0.954430 0.062500 0.091139
0 0.130435 0.913924 0.086957 0.065823
0 0.138587 0.979747 0.065217 0.040506
0 0.486413 0.259494 0.076087 0.058228
0 0.436141 0.256962 0.067935 0.058228
