0 0.160458 0.107542 0.068768 0.092179
0 0.075931 0.094972 0.083095 0.078212
0 0.088825 0.248603 0.074499 0.067039
0 0.137536 0.305866 0.080229 0.047486
0 0.333811 0.315642 0.054441 0.078212
0 0.432665 0.244413 0.085960 0.081006
0 0.547278 0.188547 0.051576 0.086592
0 0.558739 0.115922 0.080229 0.075419
0 0.597421 0.175978 0.065903 0.055866
0 0.326648 0.089385 0.091691 0.078212
0 0.479943 0.071229 0.060172 0.069832
0 0.336676 0.163408 0.083095 0.075419
0 0.277937 0.173184 0.063037 0.078212
0 0.223496 0.121508 0.051576 0.086592
0 0.630372 0.287709 0.063037 0.089385
0 0.779370 0.090782 0.068768 0.064246
0 0.958453 0.201117 0.054441 0.083799
0 0.858166 0.418994 0.060172 0.072626
0 0.742120 0.455307 0.097421 0.089385
0 0.648997 0.384078 0.088825 0.114525
0 0.521490 0.446927 0.074499 0.122905
0 0.441261 0.460894 0.097421 0.094972
0 0.449857 0.565642 0.091691 0.114525
0 0.650430 0.476257 0.091691 0.081006
0 0.147564 0.568436 0.088825 0.092179
0 0.174785 0.643855 0.068768 0.075419
0 0.087393 0.723464 0.060172 0.072626
0 0.176218 0.698324 0.088825 0.067039
0 0.130372 0.709497 0.071633 0.078212
0 0.302292 0.666201 0.071633 0.075419
0 0.230659 0.787709 0.065903 0.089385
0 0.169054 0.772346 0.057307 0.064246
0 0.303725 0.783520 0.074499 0.103352
0 0.247851 0.925978 0.128940 0.081006
0 0.459885 0.754190 0.060172 0.089385
0 0.777937 0.768156 0.123209 0.078212
0 0.893983 0.576816 0.063037 0.081006
0 0.535817 0.889665 0.085960 0.075419
0 0.502865 0.951117 0.065903 0.086592
0 0.611748 0.886872 0.054441 0.081006
0 0.654728 0.717877 0.071633 0.078212
0 0.517192 0.544693 0.060172 0.089385
