0 0.400552 0.278098 0.116022 0.048991
0 0.649171 0.161383 0.055249 0.080692
0 0.674033 0.354467 0.060773 0.080692
0 0.726519 0.345821 0.049724 0.069164
0 0.743094 0.044669 0.071823 0.083573
0 0.866022 0.077810 0.058011 0.074928
0 0.262431 0.148415 0.077348 0.072046
0 0.421271 0.073487 0.069061 0.106628
0 0.512431 0.066282 0.074586 0.080692
0 0.314917 0.348703 0.082873 0.057637
0 0.285912 0.458213 0.063536 0.074928
0 0.320442 0.406340 0.066298 0.063401
0 0.737569 0.440922 0.060773 0.063401
0 0.796961 0.540346 0.058011 0.072046
0 0.696133 0.729107 0.060773 0.069164
0 0.715470 0.688761 0.066298 0.040346
0 0.962707 0.233429 0.046961 0.074928
0 0.574586 0.449568 0.066298 0.063401
0 0.436464 0.723343 0.055249 0.069164
0 0.609116 0.841499 0.063536 0.063401
0 0.870166 0.805476 0.060773 0.066282
0 0.845304 0.880403 0.071823 0.066282
0 0.896409 0.903458 0.058011 0.060519
0 0.500000 0.858790 0.049724 0.063401
0 0.334254 0.661383 0.088398 0.077810
0 0.363260 0.099424 0.074586 0.077810
0 0.357735 0.711816 0.080110 0.046110
0 0.378453 0.791066 0.049724 0.048991
0 0.283149 0.854467 0.052486 0.066282
0 0.330110 0.837176 0.063536 0.083573
0 0.679558 0.910663 0.055249 0.069164
0 0.788674 0.943804 0.063536 0.072046
0 0.342541 0.933718 0.071823 0.074928
0 0.389503 0.902017 0.049724 0.057637
0 0.187845 0.795389 0.066298 0.046110
0 0.187845 0.775216 0.066298 0.040346
0 0.140884 0.456772 0.060773 0.100865
0 0.662983 0.972622 0.077348 0.037464
0 0.722376 0.966859 0.052486 0.054755
0 0.552486 0.744957 0.066298 0.077810
0 0.958564 0.595101 0.055249 0.083573
0 0.267956 0.923631 0.066298 0.037464
0 0.250000 0.891931 0.074586 0.060519
0 0.816298 0.064841 0.052486 0.077810
0 0.832873 0.361671 0.096685 0.072046
0 0.388122 0.214697 0.074586 0.066282
0 0.443370 0.206052 0.052486 0.072046
0 0.346685 0.025937 0.069061 0.046110
