0 0.126126 0.147992 0.080388 0.068005
0 0.168746 0.140868 0.039501 0.057642
0 0.047124 0.223769 0.051282 0.060233
0 0.119196 0.262953 0.067914 0.033679
0 0.044699 0.419689 0.056133 0.076425
0 0.124740 0.671956 0.044352 0.069301
0 0.370755 0.659974 0.058212 0.069948
0 0.367983 0.741256 0.048510 0.068005
0 0.581428 0.625972 0.097020 0.052461
0 0.562717 0.517811 0.044352 0.066710
0 0.788635 0.580635 0.047124 0.073187
0 0.810118 0.820920 0.083160 0.045984
0 0.397782 0.834521 0.074844 0.045984
0 0.688496 0.465674 0.071379 0.059585
0 0.735274 0.432319 0.056826 0.080959
0 0.510049 0.250972 0.063756 0.036917
0 0.453569 0.073187 0.042273 0.066062
0 0.038115 0.525583 0.058212 0.051166
0 0.512128 0.313148 0.074844 0.055052
