0 0.500000 0.034530 0.053824 0.063536
0 0.613314 0.129834 0.053824 0.055249
0 0.711048 0.203039 0.050992 0.074586
0 0.143059 0.091160 0.065156 0.066298
0 0.203966 0.093923 0.084986 0.066298
0 0.655807 0.085635 0.099150 0.066298
0 0.896601 0.022099 0.076487 0.038674
0 0.669972 0.290055 0.048159 0.060773
0 0.716714 0.244475 0.073654 0.041436
0 0.699717 0.284530 0.050992 0.066298
0 0.475921 0.203039 0.039660 0.058011
0 0.453258 0.226519 0.067989 0.044199
0 0.440510 0.267956 0.053824 0.077348
0 0.399433 0.298343 0.056657 0.049724
0 0.572238 0.451657 0.062323 0.058011
0 0.733711 0.432320 0.067989 0.035912
0 0.273371 0.377072 0.076487 0.041436
0 0.092068 0.211326 0.082153 0.058011
0 0.212465 0.400552 0.039660 0.071823
0 0.111898 0.342541 0.065156 0.071823
0 0.283286 0.408840 0.039660 0.049724
0 0.473088 0.502762 0.067989 0.071823
0 0.444759 0.437845 0.073654 0.080110
0 0.505666 0.410221 0.070822 0.046961
0 0.881020 0.276243 0.073654 0.049724
0 0.892351 0.316298 0.073654 0.058011
0 0.889518 0.477901 0.062323 0.099448
0 0.947592 0.593923 0.042493 0.066298
0 0.916431 0.660221 0.059490 0.066298
0 0.893768 0.817680 0.053824 0.055249
0 0.859773 0.864641 0.048159 0.060773
0 0.648725 0.779006 0.067989 0.066298
0 0.689802 0.838398 0.065156 0.052486
0 0.769122 0.837017 0.053824 0.055249
0 0.301700 0.837017 0.053824 0.066298
0 0.335694 0.824586 0.059490 0.063536
0 0.321530 0.323204 0.087819 0.082873
0 0.059490 0.540055 0.056657 0.058011
0 0.079320 0.925414 0.039660 0.055249
0 0.266289 0.633978 0.045326 0.058011
0 0.516997 0.578729 0.087819 0.085635
0 0.859773 0.759669 0.082153 0.049724
0 0.920680 0.187845 0.062323 0.066298
0 0.298867 0.639503 0.036827 0.069061
0 0.392351 0.651934 0.059490 0.055249
0 0.398017 0.756906 0.053824 0.055249
0 0.245042 0.926796 0.048159 0.069061
0 0.082153 0.781768 0.045326 0.077348
0 0.126062 0.819061 0.053824 0.063536
0 0.025496 0.589779 0.045326 0.058011
0 0.073654 0.439227 0.062323 0.049724
0 0.417847 0.779006 0.048159 0.044199
0 0.621813 0.899171 0.053824 0.041436
0 0.681303 0.899171 0.059490 0.046961
0 0.327195 0.944751 0.082153 0.066298
0 0.532578 0.639503 0.050992 0.052486
0 0.791785 0.469613 0.087819 0.093923
0 0.022663 0.669890 0.039660 0.058011
0 0.195467 0.765193 0.079320 0.055249
0 0.420680 0.888122 0.076487 0.046961
