0 0.376640 0.199187 0.070866 0.073171
0 0.418635 0.127371 0.039370 0.075881
0 0.454068 0.146341 0.052493 0.065041
0 0.555118 0.084011 0.060367 0.054201
0 0.737533 0.090786 0.052493 0.056911
0 0.775591 0.117886 0.055118 0.056911
0 0.846457 0.123306 0.044619 0.078591
0 0.803150 0.186992 0.089239 0.065041
0 0.687664 0.277778 0.047244 0.084011
0 0.757218 0.262873 0.055118 0.075881
0 0.762467 0.387534 0.044619 0.070461
0 0.797900 0.373984 0.057743 0.070461
0 0.590551 0.323848 0.047244 0.078591
0 0.552493 0.303523 0.060367 0.043360
0 0.501312 0.211382 0.057743 0.054201
0 0.438320 0.247967 0.073491 0.040650
0 0.463255 0.276423 0.076115 0.043360
0 0.251969 0.130081 0.047244 0.065041
0 0.170604 0.079946 0.052493 0.046070
0 0.041995 0.162602 0.057743 0.075881
0 0.119423 0.275068 0.049869 0.051491
0 0.039370 0.291328 0.068241 0.084011
0 0.132546 0.348238 0.076115 0.073171
0 0.342520 0.403794 0.065617 0.070461
0 0.391076 0.338753 0.073491 0.037940
0 0.443570 0.363144 0.078740 0.070461
0 0.969816 0.150407 0.060367 0.067751
0 0.657480 0.456640 0.065617 0.073171
0 0.616798 0.512195 0.062992 0.048780
0 0.717848 0.548780 0.060367 0.067751
0 0.534121 0.543360 0.081365 0.051491
0 0.635171 0.644986 0.062992 0.054201
0 0.733596 0.669377 0.076115 0.086721
0 0.489501 0.616531 0.065617 0.084011
0 0.582677 0.655827 0.062992 0.070461
0 0.971129 0.440379 0.057743 0.067751
0 0.313648 0.535230 0.081365 0.084011
0 0.188976 0.585366 0.073491 0.059621
0 0.229659 0.608401 0.049869 0.062331
0 0.206037 0.449864 0.065617 0.075881
0 0.128609 0.592141 0.068241 0.067751
0 0.152231 0.642276 0.068241 0.054201
0 0.026247 0.607046 0.047244 0.075881
0 0.034121 0.657182 0.062992 0.073171
0 0.039370 0.892954 0.068241 0.094851
0 0.110236 0.890244 0.041995 0.067751
0 0.140420 0.903794 0.049869 0.073171
0 0.275591 0.756098 0.062992 0.092141
0 0.324147 0.777778 0.065617 0.054201
0 0.426509 0.753388 0.060367 0.065041
0 0.384514 0.822493 0.049869 0.073171
0 0.446194 0.894309 0.052493 0.059621
0 0.509186 0.849593 0.062992 0.067751
0 0.589239 0.799458 0.055118 0.070461
0 0.658793 0.831978 0.036745 0.065041
0 0.615486 0.855014 0.044619 0.067751
0 0.821522 0.952575 0.083990 0.046070
0 0.657480 0.913279 0.055118 0.092141
