0 0.045455 0.068878 0.051136 0.045918
0 0.103693 0.071429 0.036932 0.056122
0 0.261364 0.105867 0.073864 0.063776
0 0.218750 0.174745 0.051136 0.079082
0 0.255682 0.179847 0.062500 0.053571
0 0.434659 0.151786 0.051136 0.073980
0 0.498580 0.147959 0.048295 0.061224
0 0.545455 0.186224 0.062500 0.051020
0 0.761364 0.224490 0.062500 0.066327
0 0.829545 0.313776 0.056818 0.040816
0 0.930398 0.290816 0.053977 0.076531
0 0.882102 0.360969 0.071023 0.048469
0 0.883523 0.326531 0.062500 0.045918
0 0.823864 0.422194 0.062500 0.053571
0 0.752841 0.457908 0.056818 0.068878
0 0.822443 0.514031 0.088068 0.053571
0 0.650568 0.363520 0.062500 0.053571
0 0.606534 0.350765 0.071023 0.048469
0 0.528409 0.367347 0.062500 0.066327
0 0.490057 0.404337 0.053977 0.068878
0 0.455966 0.447704 0.059659 0.073980
0 0.511364 0.473214 0.056818 0.063776
0 0.583807 0.554847 0.071023 0.063776
0 0.441761 0.522959 0.053977 0.066327
0 0.473011 0.585459 0.076705 0.058673
0 0.667614 0.588010 0.073864 0.063776
0 0.680398 0.655612 0.048295 0.076531
0 0.757102 0.747449 0.088068 0.051020
0 0.482955 0.674745 0.079545 0.058673
0 0.407670 0.704082 0.116477 0.081633
0 0.231534 0.651786 0.093750 0.058673
0 0.173295 0.599490 0.085227 0.081633
0 0.066761 0.446429 0.042614 0.066327
0 0.046875 0.470663 0.076705 0.073980
0 0.129261 0.496173 0.042614 0.058673
0 0.227273 0.360969 0.045455 0.048469
0 0.286932 0.346939 0.068182 0.051020
0 0.357955 0.294643 0.085227 0.053571
0 0.428977 0.332908 0.068182 0.058673
0 0.372159 0.429847 0.073864 0.038265
0 0.301136 0.392857 0.068182 0.051020
0 0.137784 0.274235 0.053977 0.063776
0 0.049716 0.345663 0.059659 0.038265
0 0.242898 0.702806 0.065341 0.048469
0 0.343750 0.778061 0.079545 0.076531
0 0.382102 0.864796 0.065341 0.051020
0 0.150568 0.788265 0.056818 0.076531
0 0.156250 0.901786 0.062500 0.053571
0 0.231534 0.938776 0.059659 0.081633
0 0.176136 0.946429 0.068182 0.076531
0 0.406250 0.928571 0.062500 0.056122
0 0.329545 0.977041 0.079545 0.035714
0 0.801136 0.862245 0.079545 0.035714
0 0.869318 0.855867 0.045455 0.033163
0 0.845170 0.886480 0.036932 0.048469
0 0.937500 0.812500 0.073864 0.033163
0 0.914773 0.877551 0.056818 0.071429
0 0.948864 0.869898 0.051136 0.061224
0 0.755682 0.934949 0.119318 0.094388
0 0.636364 0.956633 0.068182 0.081633
0 0.832386 0.122449 0.079545 0.035714
