0 0.095385 0.023161 0.080000 0.029973
0 0.127692 0.066757 0.058462 0.057221
0 0.192308 0.079019 0.052308 0.065395
0 0.253846 0.028610 0.052308 0.051771
0 0.270769 0.062670 0.086154 0.038147
0 0.249231 0.132153 0.092308 0.046322
0 0.518462 0.040872 0.052308 0.076294
0 0.689231 0.170300 0.055385 0.079019
0 0.807692 0.069482 0.095385 0.046322
0 0.843077 0.027248 0.098462 0.049046
0 0.913846 0.434605 0.067692 0.068120
0 0.829231 0.523161 0.101538 0.038147
0 0.789231 0.557221 0.101538 0.062670
0 0.758462 0.438692 0.089231 0.070845
0 0.464615 0.288828 0.073846 0.087193
0 0.530769 0.294278 0.064615 0.065395
0 0.569231 0.433243 0.067692 0.070845
0 0.635385 0.483651 0.089231 0.062670
0 0.540000 0.486376 0.083077 0.068120
0 0.444615 0.535422 0.076923 0.068120
0 0.383077 0.380109 0.089231 0.057221
0 0.812308 0.136240 0.098462 0.070845
0 0.966154 0.651226 0.067692 0.065395
0 0.950769 0.698910 0.061538 0.068120
0 0.464615 0.705722 0.080000 0.081744
0 0.321538 0.464578 0.076923 0.057221
0 0.226154 0.427793 0.070769 0.081744
0 0.084615 0.297003 0.101538 0.043597
0 0.098462 0.257493 0.098462 0.051771
0 0.061538 0.446866 0.055385 0.070845
0 0.189231 0.536785 0.089231 0.054496
0 0.212308 0.581744 0.049231 0.051771
0 0.263077 0.633515 0.083077 0.079019
0 0.404615 0.876022 0.089231 0.073569
0 0.110769 0.688011 0.092308 0.040872
0 0.080000 0.602180 0.067692 0.059946
0 0.881538 0.911444 0.070769 0.046322
0 0.607692 0.914169 0.070769 0.040872
0 0.160000 0.768392 0.067692 0.076294
0 0.135385 0.858311 0.080000 0.054496
