0 0.223881 0.221311 0.077612 0.049180
0 0.565672 0.215847 0.086567 0.065574
0 0.679104 0.285519 0.062687 0.062842
0 0.652239 0.357923 0.074627 0.076503
0 0.707463 0.035519 0.071642 0.065574
0 0.374627 0.064208 0.116418 0.046448
0 0.135821 0.086066 0.086567 0.046448
0 0.094030 0.113388 0.080597 0.040984
0 0.050746 0.229508 0.059701 0.060109
0 0.043284 0.334699 0.062687 0.073770
0 0.182090 0.478142 0.077612 0.071038
0 0.010448 0.418033 0.014925 0.081967
0 0.207463 0.575137 0.080597 0.079235
0 0.405970 0.530055 0.047761 0.081967
0 0.576119 0.474044 0.095522 0.068306
0 0.840299 0.367486 0.080597 0.073770
0 0.926866 0.424863 0.080597 0.079235
0 0.932836 0.573770 0.056716 0.081967
0 0.889552 0.739071 0.065672 0.073770
0 0.813433 0.599727 0.068657 0.062842
0 0.707463 0.512295 0.095522 0.051913
0 0.223881 0.028689 0.077612 0.051913
0 0.491045 0.663934 0.056716 0.071038
0 0.607463 0.734973 0.068657 0.065574
0 0.731343 0.808743 0.083582 0.081967
0 0.762687 0.885246 0.110448 0.065574
0 0.555224 0.883880 0.059701 0.040984
0 0.065672 0.825137 0.059701 0.065574
0 0.513433 0.935792 0.095522 0.062842
0 0.641791 0.882514 0.065672 0.081967
0 0.607463 0.959016 0.086567 0.060109
