0 0.107784 0.128032 0.083832 0.045822
0 0.287425 0.301887 0.059880 0.091644
0 0.363772 0.219677 0.080838 0.056604
0 0.199102 0.276280 0.074850 0.056604
0 0.160180 0.219677 0.080838 0.061995
0 0.826347 0.254717 0.059880 0.072776
0 0.781437 0.289757 0.059880 0.045822
0 0.797904 0.346361 0.056886 0.045822
0 0.791916 0.459569 0.068862 0.083558
0 0.856287 0.688679 0.083832 0.083558
0 0.681138 0.650943 0.056886 0.072776
0 0.553892 0.566038 0.089820 0.064690
0 0.504491 0.508086 0.074850 0.051213
0 0.549401 0.451482 0.074850 0.094340
0 0.510479 0.393531 0.074850 0.064690
0 0.432635 0.409704 0.086826 0.070081
0 0.062874 0.309973 0.053892 0.059299
0 0.139222 0.451482 0.074850 0.051213
0 0.278443 0.553908 0.077844 0.067385
0 0.414671 0.561995 0.098802 0.067385
0 0.470060 0.587601 0.047904 0.048518
0 0.342814 0.599730 0.062874 0.035040
0 0.312874 0.623989 0.056886 0.056604
0 0.395210 0.667116 0.047904 0.061995
0 0.291916 0.687332 0.074850 0.064690
0 0.121257 0.687332 0.062874 0.086253
0 0.053892 0.769542 0.059880 0.045822
0 0.363772 0.754717 0.074850 0.048518
0 0.452096 0.793801 0.059880 0.083558
0 0.416168 0.819407 0.059880 0.059299
0 0.467066 0.916442 0.065868 0.053908
0 0.293413 0.966307 0.095808 0.045822
0 0.642216 0.940701 0.044910 0.080863
0 0.818862 0.958221 0.080838 0.067385
0 0.920659 0.939353 0.068862 0.099730
