0 0.080952 0.040230 0.085714 0.063218
0 0.361905 0.074713 0.057143 0.074713
0 0.346032 0.130747 0.076190 0.048851
0 0.577778 0.057471 0.101587 0.074713
0 0.603175 0.146552 0.088889 0.057471
0 0.728571 0.107759 0.066667 0.089080
0 0.871429 0.076149 0.060317 0.071839
0 0.880952 0.119253 0.047619 0.048851
0 0.830159 0.229885 0.060317 0.103448
0 0.925397 0.248563 0.060317 0.077586
0 0.747619 0.244253 0.079365 0.074713
0 0.298413 0.247126 0.107937 0.097701
0 0.196825 0.227011 0.076190 0.068966
0 0.268254 0.439655 0.079365 0.045977
0 0.161905 0.593391 0.076190 0.060345
0 0.165079 0.722701 0.063492 0.071839
0 0.341270 0.639368 0.104762 0.060345
0 0.338095 0.778736 0.098413 0.074713
0 0.174603 0.836207 0.082540 0.074713
0 0.200000 0.919540 0.057143 0.063218
0 0.549206 0.682471 0.057143 0.066092
0 0.709524 0.662356 0.098413 0.083333
0 0.633333 0.465517 0.066667 0.074713
0 0.641270 0.525862 0.114286 0.091954
0 0.774603 0.405172 0.095238 0.057471
0 0.738095 0.354885 0.079365 0.060345
0 0.731746 0.458333 0.117460 0.066092
0 0.895238 0.531609 0.057143 0.086207
0 0.806349 0.557471 0.050794 0.086207
0 0.980952 0.372126 0.038095 0.089080
0 0.825397 0.162356 0.076190 0.071839
0 0.773016 0.801724 0.085714 0.068966
0 0.558730 0.778736 0.082540 0.045977
0 0.700000 0.873563 0.066667 0.080460
0 0.752381 0.928161 0.063492 0.080460
0 0.907937 0.913793 0.088889 0.068966
0 0.471429 0.952586 0.092063 0.077586
