0 0.190202 0.178679 0.069164 0.069069
0 0.412104 0.132132 0.080692 0.048048
0 0.644092 0.052553 0.066282 0.081081
0 0.822767 0.082583 0.072046 0.081081
0 0.912104 0.058559 0.072046 0.105105
0 0.894813 0.165165 0.043228 0.078078
0 0.951009 0.246246 0.040346 0.060060
0 0.481268 0.028529 0.092219 0.051051
0 0.304035 0.088589 0.118156 0.063063
0 0.534582 0.139640 0.077810 0.063063
0 0.595101 0.153153 0.048991 0.078078
0 0.649856 0.273273 0.048991 0.078078
0 0.710375 0.297297 0.066282 0.054054
0 0.796830 0.322823 0.054755 0.063063
0 0.661383 0.542042 0.060519 0.093093
0 0.766571 0.596096 0.046110 0.087087
0 0.717579 0.597598 0.057637 0.066066
0 0.900576 0.540541 0.066282 0.060060
0 0.054755 0.136637 0.086455 0.081081
0 0.403458 0.199700 0.057637 0.051051
0 0.306916 0.333333 0.072046 0.054054
0 0.409222 0.325826 0.057637 0.063063
0 0.458213 0.340841 0.063401 0.063063
0 0.517291 0.375375 0.054755 0.072072
0 0.317003 0.469970 0.057637 0.075075
0 0.412104 0.421922 0.057637 0.051051
0 0.429395 0.465465 0.063401 0.036036
0 0.236311 0.557057 0.080692 0.063063
0 0.083573 0.357357 0.074928 0.060060
0 0.135447 0.283784 0.057637 0.069069
0 0.327089 0.684685 0.066282 0.066066
0 0.724784 0.723724 0.077810 0.060060
0 0.887608 0.743243 0.080692 0.099099
0 0.873199 0.878378 0.069164 0.033033
0 0.710375 0.828829 0.072046 0.054054
0 0.413545 0.773273 0.048991 0.081081
0 0.488473 0.875375 0.048991 0.063063
0 0.403458 0.902402 0.074928 0.051051
0 0.131124 0.635135 0.077810 0.075075
0 0.164265 0.693694 0.051873 0.084084
0 0.105187 0.710210 0.054755 0.057057
0 0.144092 0.433934 0.057637 0.075075
0 0.247839 0.714715 0.086455 0.084084
0 0.638329 0.828829 0.066282 0.084084
