0 0.598485 0.191843 0.112121 0.069486
0 0.434848 0.202417 0.063636 0.096677
0 0.336364 0.344411 0.072727 0.072508
0 0.472727 0.389728 0.072727 0.078550
0 0.828788 0.276435 0.112121 0.075529
0 0.819697 0.120846 0.075758 0.090634
0 0.668182 0.409366 0.087879 0.081571
0 0.774242 0.376133 0.063636 0.087613
0 0.819697 0.430514 0.051515 0.063444
0 0.874242 0.646526 0.063636 0.066465
0 0.750000 0.687311 0.087879 0.045317
0 0.821212 0.682779 0.054545 0.072508
0 0.851515 0.797583 0.072727 0.036254
0 0.921212 0.839879 0.048485 0.060423
0 0.854545 0.549849 0.090909 0.096677
0 0.250000 0.214502 0.051515 0.072508
0 0.186364 0.228097 0.087879 0.081571
0 0.092424 0.249245 0.057576 0.081571
0 0.048485 0.223565 0.048485 0.048338
0 0.089394 0.105740 0.069697 0.060423
0 0.104545 0.148036 0.063636 0.042296
0 0.228788 0.536254 0.051515 0.099698
0 0.092424 0.779456 0.063636 0.042296
0 0.278788 0.848943 0.066667 0.054381
0 0.633333 0.861027 0.072727 0.048338
0 0.896970 0.456193 0.072727 0.054381
0 0.906061 0.049849 0.060606 0.063444
0 0.551515 0.283988 0.072727 0.066465
0 0.860606 0.836858 0.048485 0.048338
0 0.883333 0.886707 0.069697 0.039275
0 0.346970 0.845921 0.051515 0.054381
0 0.562121 0.836858 0.039394 0.054381
0 0.469697 0.564955 0.060606 0.084592
0 0.660606 0.288520 0.066667 0.057402
0 0.816667 0.197885 0.075758 0.063444
