0 0.274463 0.146192 0.076372 0.081081
0 0.210024 0.076167 0.071599 0.083538
0 0.299523 0.056511 0.069212 0.044226
0 0.353222 0.082310 0.071599 0.071253
0 0.458234 0.169533 0.071599 0.088452
0 0.628878 0.066339 0.069212 0.049140
0 0.616945 0.117936 0.054893 0.063882
0 0.645585 0.180590 0.059666 0.066339
0 0.718377 0.329238 0.109785 0.083538
0 0.772076 0.373464 0.054893 0.068796
0 0.860382 0.393120 0.083532 0.073710
0 0.855609 0.555283 0.054893 0.108108
0 0.877088 0.702703 0.073986 0.073710
0 0.923628 0.805897 0.066826 0.068796
0 0.639618 0.732187 0.062053 0.088452
0 0.553699 0.759214 0.076372 0.083538
0 0.478520 0.638821 0.073986 0.078624
0 0.440334 0.374693 0.050119 0.090909
0 0.338902 0.265356 0.052506 0.054054
0 0.198091 0.255528 0.062053 0.073710
0 0.167064 0.323096 0.062053 0.066339
0 0.171838 0.384521 0.100239 0.061425
0 0.131265 0.486486 0.095465 0.063882
0 0.136038 0.527027 0.062053 0.051597
0 0.187351 0.557740 0.059666 0.088452
0 0.176611 0.727273 0.042959 0.063882
0 0.329356 0.756757 0.081146 0.058968
0 0.306683 0.799754 0.054893 0.071253
0 0.422434 0.839066 0.081146 0.056511
0 0.386635 0.942260 0.052506 0.076167
0 0.559666 0.914005 0.054893 0.078624
0 0.686158 0.915233 0.064439 0.061425
0 0.761337 0.950860 0.062053 0.073710
0 0.815036 0.957002 0.064439 0.061425
0 0.970167 0.533170 0.059666 0.063882
0 0.256563 0.678133 0.097852 0.073710
