0 0.223785 0.109069 0.079284 0.061275
0 0.109974 0.084559 0.081841 0.075980
0 0.069054 0.172794 0.086957 0.085784
0 0.098465 0.225490 0.089514 0.049020
0 0.310742 0.207108 0.058824 0.080882
0 0.204604 0.307598 0.076726 0.041667
0 0.210997 0.349265 0.063939 0.046569
0 0.161125 0.387255 0.071611 0.073529
0 0.101023 0.352941 0.069054 0.068627
0 0.210997 0.572304 0.074169 0.080882
0 0.400256 0.476716 0.063939 0.056373
0 0.354220 0.596814 0.104859 0.051471
0 0.358056 0.725490 0.071611 0.039216
0 0.111253 0.698529 0.074169 0.053922
0 0.289003 0.778186 0.056266 0.080882
0 0.084399 0.854167 0.081841 0.071078
0 0.595908 0.082108 0.092072 0.026961
0 0.719949 0.085784 0.089514 0.049020
0 0.786445 0.062500 0.074169 0.066176
0 0.883632 0.067402 0.069054 0.075980
0 0.948849 0.066176 0.061381 0.073529
0 0.947570 0.137255 0.084399 0.068627
0 0.911765 0.170343 0.069054 0.075980
0 0.943734 0.237745 0.071611 0.093137
0 0.736573 0.192402 0.092072 0.061275
0 0.749361 0.264706 0.071611 0.068627
0 0.700767 0.318627 0.066496 0.078431
0 0.626598 0.411765 0.081841 0.078431
0 0.925831 0.426471 0.061381 0.073529
0 0.923274 0.344363 0.035806 0.056373
0 0.946292 0.362745 0.035806 0.058824
0 0.858056 0.531863 0.079284 0.073529
0 0.751918 0.604167 0.086957 0.075980
0 0.680307 0.713235 0.076726 0.058824
0 0.475703 0.883578 0.086957 0.056373
0 0.290281 0.941176 0.048593 0.112745
0 0.382353 0.944853 0.043478 0.080882
0 0.446292 0.966912 0.053708 0.066176
0 0.895141 0.763480 0.051151 0.075980
0 0.794118 0.761029 0.079284 0.056373
0 0.620205 0.832108 0.089514 0.071078
0 0.722506 0.915441 0.053708 0.061275
0 0.689258 0.926471 0.063939 0.058824
0 0.836317 0.844363 0.056266 0.066176
0 0.948849 0.866422 0.056266 0.066176
0 0.859335 0.910539 0.107417 0.046569
0 0.910486 0.949755 0.056266 0.056373
0 0.539642 0.696078 0.071611 0.058824
0 0.634271 0.110294 0.066496 0.063725
