0 0.478693 0.147260 0.065341 0.075342
0 0.481534 0.277397 0.059659 0.047945
0 0.552557 0.224315 0.048295 0.078767
0 0.602273 0.183219 0.051136 0.078767
0 0.676136 0.147260 0.073864 0.089041
0 0.781250 0.256849 0.073864 0.068493
0 0.916193 0.196918 0.059659 0.099315
0 0.927557 0.395548 0.065341 0.078767
0 0.764205 0.534247 0.056818 0.095890
0 0.720170 0.623288 0.053977 0.082192
0 0.848011 0.595890 0.065341 0.054795
0 0.897727 0.655822 0.051136 0.071918
0 0.890625 0.715753 0.059659 0.061644
0 0.632102 0.517123 0.076705 0.061644
0 0.696023 0.315068 0.079545 0.061644
0 0.156250 0.169521 0.073864 0.044521
0 0.173295 0.214041 0.062500 0.058219
0 0.313920 0.417808 0.071023 0.068493
0 0.437500 0.522260 0.085227 0.071918
0 0.494318 0.631849 0.073864 0.051370
0 0.316761 0.578767 0.059659 0.075342
0 0.187500 0.453767 0.073864 0.078767
0 0.103693 0.417808 0.076705 0.054795
0 0.085227 0.539384 0.073864 0.051370
0 0.073864 0.623288 0.085227 0.068493
0 0.190341 0.580479 0.068182 0.071918
0 0.213068 0.666096 0.073864 0.058219
0 0.224432 0.765411 0.051136 0.065068
0 0.279830 0.789384 0.065341 0.051370
0 0.223011 0.876712 0.059659 0.054795
0 0.336648 0.732877 0.071023 0.068493
0 0.444602 0.710616 0.042614 0.065068
0 0.471591 0.756849 0.062500 0.061644
0 0.421875 0.796233 0.036932 0.065068
0 0.392045 0.702055 0.068182 0.061644
0 0.468750 0.888699 0.051136 0.065068
0 0.545455 0.892123 0.056818 0.071918
0 0.583807 0.823630 0.042614 0.071918
0 0.630682 0.852740 0.051136 0.061644
0 0.657670 0.875000 0.059659 0.071918
0 0.721591 0.905822 0.051136 0.071918
0 0.769886 0.912671 0.051136 0.051370
0 0.646307 0.777397 0.065341 0.075342
0 0.681818 0.035959 0.073864 0.051370
0 0.742898 0.039384 0.065341 0.071918
