0 0.388406 0.163366 0.075362 0.075908
0 0.771014 0.257426 0.069565 0.092409
0 0.923188 0.188119 0.078261 0.072607
0 0.875362 0.301980 0.075362 0.062706
0 0.943478 0.432343 0.055072 0.079208
0 0.747826 0.404290 0.052174 0.075908
0 0.786957 0.394389 0.037681 0.089109
0 0.879710 0.061056 0.066667 0.075908
0 0.714493 0.239274 0.037681 0.089109
0 0.536232 0.231023 0.069565 0.085809
0 0.346377 0.075908 0.078261 0.059406
0 0.288406 0.123762 0.084058 0.075908
0 0.250725 0.211221 0.072464 0.039604
0 0.278261 0.174917 0.081159 0.046205
0 0.208696 0.178218 0.057971 0.046205
0 0.140580 0.155116 0.078261 0.099010
0 0.053623 0.125413 0.055072 0.079208
0 0.065217 0.244224 0.060870 0.079208
0 0.375362 0.539604 0.049275 0.069307
0 0.407246 0.523102 0.060870 0.075908
0 0.665217 0.430693 0.031884 0.069307
0 0.640580 0.523102 0.057971 0.075908
0 0.642029 0.686469 0.049275 0.052805
0 0.605797 0.648515 0.063768 0.062706
0 0.468116 0.632013 0.066667 0.082508
0 0.436232 0.676568 0.049275 0.072607
0 0.756522 0.744224 0.057971 0.056106
0 0.834783 0.747525 0.057971 0.049505
0 0.971014 0.551155 0.057971 0.072607
0 0.818841 0.673267 0.066667 0.066007
0 0.668116 0.793729 0.049275 0.075908
0 0.624638 0.828383 0.060870 0.039604
0 0.644928 0.872937 0.043478 0.062706
0 0.704348 0.841584 0.104348 0.052805
0 0.156522 0.792079 0.075362 0.072607
0 0.136232 0.696370 0.069565 0.092409
0 0.073913 0.671617 0.066667 0.042904
0 0.233333 0.463696 0.055072 0.069307
0 0.343478 0.242574 0.060870 0.069307
0 0.257971 0.777228 0.069565 0.095710
0 0.831884 0.863036 0.069565 0.062706
0 0.031884 0.778878 0.057971 0.052805
