0 0.701320 0.220890 0.069307 0.065068
0 0.775578 0.210616 0.052805 0.085616
0 0.867987 0.214041 0.059406 0.078767
0 0.919142 0.335616 0.069307 0.082192
0 0.699670 0.327055 0.079208 0.065068
0 0.734323 0.375000 0.082508 0.044521
0 0.863036 0.508562 0.069307 0.078767
0 0.699670 0.436644 0.072607 0.078767
0 0.777228 0.537671 0.062706 0.054795
0 0.605611 0.443493 0.082508 0.058219
0 0.620462 0.506849 0.092409 0.061644
0 0.689769 0.640411 0.079208 0.054795
0 0.564356 0.684932 0.066007 0.054795
0 0.760726 0.799658 0.062706 0.099315
0 0.701320 0.869863 0.049505 0.075342
0 0.902640 0.905822 0.089109 0.065068
0 0.747525 0.931507 0.049505 0.075342
0 0.920792 0.976027 0.066007 0.041096
0 0.556106 0.782534 0.062706 0.030822
0 0.551155 0.833904 0.052805 0.065068
0 0.374587 0.731164 0.062706 0.065068
0 0.351485 0.642123 0.102310 0.065068
0 0.201320 0.619863 0.079208 0.068493
0 0.298680 0.472603 0.095710 0.082192
0 0.552805 0.133562 0.056106 0.047945
0 0.668317 0.089041 0.056106 0.075342
0 0.536304 0.042808 0.069307 0.044521
0 0.490099 0.147260 0.062706 0.089041
0 0.343234 0.071918 0.066007 0.061644
0 0.333333 0.142123 0.092409 0.058219
0 0.290429 0.181507 0.079208 0.054795
0 0.292079 0.253425 0.089109 0.082192
0 0.090759 0.065068 0.082508 0.047945
0 0.201320 0.744863 0.059406 0.085616
0 0.214521 0.864726 0.072607 0.078767
0 0.349835 0.792808 0.085809 0.065068
0 0.242574 0.938356 0.062706 0.082192
0 0.488449 0.964041 0.072607 0.071918
