0 0.085809 0.056507 0.099010 0.051370
0 0.338284 0.075342 0.089109 0.061644
0 0.344884 0.145548 0.108911 0.065068
0 0.287129 0.186644 0.079208 0.044521
0 0.300330 0.250000 0.118812 0.089041
0 0.556106 0.138699 0.069307 0.051370
0 0.524752 0.039384 0.085809 0.058219
0 0.666667 0.094178 0.059406 0.071918
0 0.757426 0.136986 0.069307 0.068493
0 0.773927 0.210616 0.056106 0.092466
0 0.867987 0.208904 0.059406 0.061644
0 0.924092 0.335616 0.059406 0.082192
0 0.698020 0.217466 0.062706 0.065068
0 0.701320 0.332192 0.049505 0.068493
0 0.729373 0.380137 0.066007 0.047945
0 0.706271 0.446918 0.092409 0.065068
0 0.615512 0.453767 0.069307 0.058219
0 0.615512 0.503425 0.089109 0.061644
0 0.707921 0.640411 0.095710 0.068493
0 0.546205 0.683219 0.062706 0.065068
0 0.760726 0.791096 0.062706 0.068493
0 0.562706 0.782534 0.075908 0.037671
0 0.698020 0.869863 0.062706 0.075342
0 0.900990 0.905822 0.092409 0.065068
0 0.750825 0.931507 0.075908 0.075342
0 0.363036 0.789384 0.085809 0.058219
0 0.394389 0.739726 0.075908 0.075342
0 0.348185 0.635274 0.115512 0.078767
0 0.275578 0.453767 0.069307 0.051370
0 0.186469 0.607877 0.069307 0.058219
0 0.194719 0.744863 0.052805 0.078767
0 0.214521 0.852740 0.066007 0.061644
0 0.240924 0.938356 0.059406 0.075342
0 0.493399 0.964041 0.075908 0.071918
0 0.894389 0.097603 0.059406 0.071918
0 0.866337 0.511986 0.102310 0.078767
0 0.775578 0.535959 0.072607 0.058219
0 0.206271 0.244863 0.075908 0.058219
0 0.806931 0.056507 0.089109 0.078767
