0 0.380872 0.122677 0.070470 0.066914
0 0.369128 0.195167 0.053691 0.070632
0 0.543624 0.137546 0.053691 0.074349
0 0.488255 0.117100 0.070470 0.070632
0 0.602349 0.035316 0.050336 0.063197
0 0.775168 0.053903 0.067114 0.085502
0 0.857383 0.137546 0.043624 0.081784
0 0.865772 0.035316 0.067114 0.063197
0 0.159396 0.191450 0.070470 0.085502
0 0.266779 0.087361 0.083893 0.078067
0 0.417785 0.351301 0.063758 0.063197
0 0.481544 0.379182 0.050336 0.089219
0 0.615772 0.263941 0.070470 0.074349
0 0.672819 0.289963 0.057047 0.074349
0 0.761745 0.308550 0.053691 0.074349
0 0.916107 0.217472 0.060403 0.078067
0 0.877517 0.544610 0.070470 0.063197
0 0.634228 0.553903 0.046980 0.089219
0 0.716443 0.760223 0.083893 0.070632
0 0.879195 0.754647 0.067114 0.111524
0 0.701342 0.871747 0.067114 0.078067
0 0.687919 0.613383 0.060403 0.081784
0 0.629195 0.877323 0.063758 0.081784
0 0.411074 0.477695 0.083893 0.048327
0 0.384228 0.444238 0.057047 0.070632
0 0.268456 0.349442 0.080537 0.059480
0 0.107383 0.302974 0.053691 0.078067
0 0.055369 0.388476 0.070470 0.070632
0 0.216443 0.594796 0.077181 0.066914
0 0.209732 0.754647 0.043624 0.081784
0 0.243289 0.756506 0.050336 0.085502
0 0.310403 0.721190 0.063758 0.089219
0 0.397651 0.815985 0.050336 0.063197
0 0.402685 0.873606 0.060403 0.044610
0 0.857383 0.882900 0.057047 0.040892
0 0.864094 0.925651 0.050336 0.059480
0 0.300336 0.507435 0.077181 0.092937
0 0.129195 0.460967 0.070470 0.059480
0 0.117450 0.678439 0.053691 0.048327
0 0.142617 0.739777 0.043624 0.074349
0 0.092282 0.767658 0.063758 0.070632
0 0.748322 0.609665 0.040268 0.081784
0 0.718121 0.379182 0.073826 0.089219
0 0.884228 0.485130 0.070470 0.048327
