0 0.225155 0.210145 0.052795 0.072464
0 0.166149 0.219203 0.077640 0.097826
0 0.388199 0.177536 0.043478 0.072464
0 0.546584 0.166667 0.086957 0.079710
0 0.753106 0.157609 0.077640 0.076087
0 0.743789 0.077899 0.096273 0.083333
0 0.759317 0.235507 0.096273 0.086957
0 0.718944 0.347826 0.052795 0.086957
0 0.768634 0.400362 0.065217 0.068841
0 0.625776 0.391304 0.065217 0.072464
0 0.607143 0.264493 0.071429 0.057971
0 0.501553 0.257246 0.059006 0.086957
0 0.312112 0.342391 0.059006 0.054348
0 0.439441 0.380435 0.059006 0.079710
0 0.080745 0.101449 0.055901 0.065217
0 0.046584 0.215580 0.055901 0.061594
0 0.080745 0.239130 0.043478 0.072464
0 0.433230 0.561594 0.071429 0.094203
0 0.282609 0.882246 0.062112 0.061594
0 0.618012 0.876812 0.068323 0.050725
0 0.548137 0.855072 0.052795 0.086957
0 0.805901 0.800725 0.059006 0.043478
0 0.832298 0.628623 0.074534 0.076087
0 0.785714 0.527174 0.062112 0.083333
0 0.779503 0.670290 0.043478 0.094203
0 0.236025 0.541667 0.055901 0.090580
0 0.880435 0.838768 0.046584 0.061594
0 0.818323 0.844203 0.052795 0.065217
0 0.849379 0.894928 0.065217 0.043478
0 0.846273 0.949275 0.065217 0.057971
0 0.107143 0.815217 0.065217 0.050725
0 0.155280 0.684783 0.068323 0.094203
0 0.711180 0.675725 0.080745 0.068841
0 0.568323 0.606884 0.068323 0.068841
0 0.572981 0.663043 0.071429 0.065217
0 0.830745 0.431159 0.052795 0.079710
