0 0.174312 0.068862 0.067278 0.041916
0 0.313456 0.037425 0.088685 0.044910
0 0.062691 0.167665 0.076453 0.065868
0 0.067278 0.279940 0.048930 0.074850
0 0.145260 0.270958 0.058104 0.056886
0 0.256881 0.125749 0.055046 0.065868
0 0.379205 0.175150 0.061162 0.062874
0 0.411315 0.091317 0.039755 0.062874
0 0.441896 0.116766 0.045872 0.065868
0 0.500000 0.173653 0.070336 0.047904
0 0.596330 0.134731 0.042813 0.053892
0 0.538226 0.041916 0.055046 0.059880
0 0.714067 0.034431 0.045872 0.062874
0 0.759939 0.053892 0.058104 0.059880
0 0.824159 0.056886 0.051988 0.077844
0 0.941896 0.067365 0.067278 0.056886
0 0.785933 0.116766 0.085627 0.041916
0 0.741590 0.199102 0.045872 0.062874
0 0.681957 0.223054 0.073394 0.074850
0 0.787462 0.299401 0.064220 0.065868
0 0.756881 0.318862 0.058104 0.062874
0 0.666667 0.401198 0.067278 0.059880
0 0.555046 0.257485 0.082569 0.047904
0 0.444954 0.214072 0.076453 0.050898
0 0.474006 0.242515 0.073394 0.035928
0 0.412844 0.305389 0.079511 0.035928
0 0.455657 0.321856 0.055046 0.050898
0 0.356269 0.365269 0.088685 0.077844
0 0.157492 0.336826 0.039755 0.062874
0 0.047401 0.443114 0.064220 0.095808
0 0.243119 0.431138 0.058104 0.083832
0 0.348624 0.489521 0.067278 0.026946
0 0.347095 0.517964 0.045872 0.053892
0 0.556575 0.495509 0.073394 0.050898
0 0.628440 0.453593 0.070336 0.062874
0 0.561162 0.423653 0.051988 0.074850
0 0.744648 0.479042 0.082569 0.065868
0 0.663609 0.570359 0.067278 0.050898
0 0.603976 0.583832 0.076453 0.053892
0 0.527523 0.564371 0.070336 0.086826
0 0.762997 0.601796 0.070336 0.065868
0 0.639144 0.726048 0.055046 0.074850
0 0.697248 0.755988 0.048930 0.074850
0 0.697248 0.833832 0.061162 0.080838
0 0.562691 0.791916 0.085627 0.074850
0 0.474006 0.706587 0.067278 0.053892
0 0.451070 0.773952 0.045872 0.068862
0 0.510703 0.836826 0.067278 0.050898
0 0.383792 0.726048 0.064220 0.050898
0 0.339450 0.712575 0.061162 0.083832
0 0.273700 0.580838 0.045872 0.053892
0 0.247706 0.558383 0.036697 0.050898
0 0.181957 0.577844 0.058104 0.053892
0 0.212538 0.615269 0.070336 0.056886
0 0.084098 0.594311 0.051988 0.050898
0 0.100917 0.646707 0.048930 0.065868
0 0.071865 0.812874 0.051988 0.056886
0 0.123853 0.863772 0.051988 0.068862
0 0.218654 0.860778 0.064220 0.074850
0 0.186544 0.848802 0.048930 0.056886
0 0.207951 0.976048 0.067278 0.041916
0 0.778287 0.893713 0.064220 0.068862
0 0.834862 0.929641 0.085627 0.056886
0 0.805810 0.965569 0.088685 0.056886
0 0.862385 0.850299 0.055046 0.035928
0 0.548930 0.958084 0.051988 0.065868
