0 0.072555 0.079193 0.056782 0.083851
0 0.233438 0.090062 0.082019 0.062112
0 0.211356 0.043478 0.063091 0.049689
0 0.154574 0.038820 0.069401 0.034161
0 0.194006 0.159938 0.047319 0.071429
0 0.227129 0.170807 0.050473 0.062112
0 0.392744 0.122671 0.047319 0.071429
0 0.411672 0.159938 0.066246 0.034161
0 0.460568 0.116460 0.063091 0.071429
0 0.507886 0.147516 0.063091 0.046584
0 0.763407 0.063665 0.050473 0.040373
0 0.848580 0.141304 0.050473 0.052795
0 0.897476 0.226708 0.059937 0.080745
0 0.799685 0.237578 0.066246 0.046584
0 0.717666 0.169255 0.066246 0.059006
0 0.845426 0.270186 0.056782 0.049689
0 0.858044 0.309006 0.082019 0.040373
0 0.719243 0.324534 0.056782 0.071429
0 0.785489 0.375776 0.063091 0.049689
0 0.731861 0.427019 0.069401 0.071429
0 0.801262 0.468944 0.075710 0.049689
0 0.670347 0.630435 0.047319 0.068323
0 0.654574 0.554348 0.059937 0.052795
0 0.578864 0.538820 0.059937 0.071429
0 0.629338 0.437888 0.078864 0.086957
0 0.621451 0.335404 0.069401 0.068323
0 0.578864 0.313665 0.059937 0.055901
0 0.517350 0.349379 0.050473 0.071429
0 0.484227 0.378882 0.072555 0.055901
0 0.507886 0.454969 0.056782 0.077640
0 0.449527 0.433230 0.047319 0.090062
0 0.476341 0.576087 0.050473 0.065217
0 0.493691 0.666149 0.078864 0.046584
0 0.761830 0.732919 0.078864 0.062112
0 0.924290 0.771739 0.069401 0.071429
0 0.921136 0.843168 0.056782 0.083851
0 0.962145 0.835404 0.050473 0.074534
0 0.818612 0.836957 0.047319 0.046584
0 0.854890 0.857143 0.031546 0.068323
0 0.779180 0.925466 0.088328 0.093168
0 0.673502 0.958075 0.072555 0.077640
0 0.413249 0.875776 0.075710 0.049689
0 0.361199 0.793478 0.078864 0.065217
0 0.422713 0.708075 0.094637 0.074534
0 0.433754 0.934783 0.078864 0.049689
0 0.277603 0.959627 0.044164 0.062112
0 0.216088 0.970497 0.059937 0.052795
0 0.200315 0.939441 0.047319 0.052795
0 0.173502 0.821429 0.056782 0.065217
0 0.241325 0.672360 0.110410 0.059006
0 0.269716 0.732919 0.072555 0.043478
0 0.192429 0.613354 0.082019 0.059006
0 0.048896 0.484472 0.059937 0.068323
0 0.074132 0.464286 0.041009 0.052795
0 0.039432 0.361801 0.072555 0.059006
0 0.075710 0.354037 0.037855 0.037267
0 0.126183 0.274845 0.063091 0.071429
0 0.211356 0.352484 0.050473 0.052795
0 0.339117 0.284161 0.066246 0.052795
0 0.411672 0.322981 0.066246 0.074534
0 0.269716 0.340062 0.059937 0.046584
0 0.287066 0.388199 0.069401 0.037267
0 0.362776 0.422360 0.082019 0.055901
