0 0.338816 0.165615 0.111842 0.047319
0 0.269737 0.111987 0.065789 0.078864
0 0.208882 0.111987 0.062500 0.078864
0 0.177632 0.055205 0.072368 0.041009
0 0.314145 0.044164 0.049342 0.056782
0 0.338816 0.088328 0.092105 0.050473
0 0.705592 0.165615 0.055921 0.072555
0 0.809211 0.053628 0.098684 0.063091
0 0.547697 0.039432 0.049342 0.072555
0 0.527961 0.323344 0.042763 0.059937
0 0.585526 0.331230 0.052632 0.082019
0 0.190789 0.310726 0.092105 0.053628
0 0.208882 0.353312 0.101974 0.056782
0 0.322368 0.477918 0.046053 0.078864
0 0.468750 0.429022 0.069079 0.056782
0 0.419408 0.525237 0.062500 0.072555
0 0.634868 0.465300 0.065789 0.066246
0 0.606908 0.522082 0.062500 0.078864
0 0.700658 0.517350 0.059211 0.069401
0 0.924342 0.436909 0.065789 0.097792
0 0.809211 0.127760 0.065789 0.078864
0 0.871711 0.533123 0.085526 0.050473
0 0.830592 0.570978 0.082237 0.056782
0 0.710526 0.712934 0.098684 0.069401
0 0.564145 0.753943 0.069079 0.069401
0 0.534539 0.578864 0.055921 0.072555
0 0.312500 0.604101 0.072368 0.053628
0 0.340461 0.652997 0.042763 0.075710
0 0.396382 0.697161 0.082237 0.069401
0 0.195724 0.518927 0.069079 0.078864
0 0.233553 0.679811 0.046053 0.066246
0 0.258224 0.758675 0.062500 0.041009
0 0.526316 0.935331 0.078947 0.078864
0 0.718750 0.951104 0.088816 0.047319
0 0.978618 0.651420 0.042763 0.072555
0 0.930921 0.927445 0.065789 0.063091
0 0.172697 0.876972 0.088816 0.075710
